! norbt, nisht, nasht, nvirt:
24 1 8 15
j    i        hij
     1     1      -0.327268797449D+02
     2     1       0.478070694990D+00
     2     2      -0.766566758972D+01
     3     1       0.402108847514D-01
     3     2      -0.789759444702D-01
     3     3      -0.600657884420D+01
     4     1      -0.188555482169D+00
     4     2       0.342904825679D+00
     4     3       0.204219429198D+01
     4     4      -0.562965260945D+01
     5     1       0.460564317426D+00
     5     2      -0.164961703094D+01
     5     3       0.628194397447D+00
     5     4      -0.531870668687D-01
     5     5      -0.462017255117D+01
     6     1      -0.452847057981D-01
     6     2       0.858945669514D-03
     6     3      -0.441180350784D-01
     6     4      -0.620623101114D+00
     6     5      -0.204260875597D+00
     6     6      -0.245243714208D+01
     7     1      -0.195280121788D+00
     7     2       0.322098381062D+00
     7     3       0.593355157249D+00
     7     4      -0.102819737093D+01
     7     5       0.500062444391D-02
     7     6      -0.174781587910D+00
     7     7      -0.381322198027D+01
     8     1       0.189841132412D-01
     8     2       0.503299058717D-01
     8     3      -0.192623025440D+00
     8     4       0.361861621730D+00
     8     5       0.120521635087D-01
     8     6       0.214352278542D+00
     8     7      -0.435241367715D-01
     8     8      -0.347497500347D+01
     9     1      -0.374117913880D-01
     9     2       0.263688591766D-01
     9     3      -0.327589387806D-01
     9     4      -0.395551780417D+00
     9     5      -0.582235804780D-02
     9     6      -0.430694824950D+00
     9     7       0.284158844185D+00
     9     8      -0.221763543887D+00
     9     9      -0.348309534780D+01
    10     1       0.245742645247D-01
    10     2      -0.554279212572D-01
    10     3      -0.668676782837D-01
    10     4       0.102098569990D+00
    10     5       0.448423140619D-01
    10     6      -0.490332445948D-01
    10     7       0.412724622309D+00
    10     8       0.971584782554D+00
    10     9       0.105956450427D+00
    10    10      -0.198719648042D+01
    11     1      -0.554412505135D-01
    11     2       0.871325876901D-01
    11     3       0.885041623835D-01
    11     4       0.231896225829D-01
    11     5       0.843554083005D-01
    11     6       0.235992792543D+00
    11     7      -0.126509277051D-01
    11     8       0.277294351152D+00
    11     9      -0.898013287494D+00
    11    10      -0.185558154484D+00
    11    11      -0.143153791275D+01
    12     1       0.000000000000D+00
    12     2       0.000000000000D+00
    12     3       0.000000000000D+00
    12     4       0.000000000000D+00
    12     5       0.000000000000D+00
    12     6       0.000000000000D+00
    12     7       0.000000000000D+00
    12     8       0.000000000000D+00
    12     9       0.000000000000D+00
    12    10       0.000000000000D+00
    12    11       0.000000000000D+00
    12    12      -0.689625315207D+01
    13     1       0.000000000000D+00
    13     2       0.000000000000D+00
    13     3       0.000000000000D+00
    13     4       0.000000000000D+00
    13     5       0.000000000000D+00
    13     6       0.000000000000D+00
    13     7       0.000000000000D+00
    13     8       0.000000000000D+00
    13     9       0.000000000000D+00
    13    10       0.000000000000D+00
    13    11       0.000000000000D+00
    13    12       0.204448828584D+01
    13    13      -0.509515418555D+01
    14     1       0.000000000000D+00
    14     2       0.000000000000D+00
    14     3       0.000000000000D+00
    14     4       0.000000000000D+00
    14     5       0.000000000000D+00
    14     6       0.000000000000D+00
    14     7       0.000000000000D+00
    14     8       0.000000000000D+00
    14     9       0.000000000000D+00
    14    10       0.000000000000D+00
    14    11       0.000000000000D+00
    14    12      -0.151186961008D+00
    14    13       0.425039256608D-01
    14    14      -0.358719206843D+01
    15     1       0.000000000000D+00
    15     2       0.000000000000D+00
    15     3       0.000000000000D+00
    15     4       0.000000000000D+00
    15     5       0.000000000000D+00
    15     6       0.000000000000D+00
    15     7       0.000000000000D+00
    15     8       0.000000000000D+00
    15     9       0.000000000000D+00
    15    10       0.000000000000D+00
    15    11       0.000000000000D+00
    15    12      -0.317122977793D-01
    15    13       0.135870867252D+00
    15    14       0.972262356163D+00
    15    15      -0.196776994878D+01
    16     1       0.000000000000D+00
    16     2       0.000000000000D+00
    16     3       0.000000000000D+00
    16     4       0.000000000000D+00
    16     5       0.000000000000D+00
    16     6       0.000000000000D+00
    16     7       0.000000000000D+00
    16     8       0.000000000000D+00
    16     9       0.000000000000D+00
    16    10       0.000000000000D+00
    16    11       0.000000000000D+00
    16    12       0.000000000000D+00
    16    13       0.000000000000D+00
    16    14       0.000000000000D+00
    16    15       0.000000000000D+00
    16    16      -0.581360259438D+01
    17     1       0.000000000000D+00
    17     2       0.000000000000D+00
    17     3       0.000000000000D+00
    17     4       0.000000000000D+00
    17     5       0.000000000000D+00
    17     6       0.000000000000D+00
    17     7       0.000000000000D+00
    17     8       0.000000000000D+00
    17     9       0.000000000000D+00
    17    10       0.000000000000D+00
    17    11       0.000000000000D+00
    17    12       0.000000000000D+00
    17    13       0.000000000000D+00
    17    14       0.000000000000D+00
    17    15       0.000000000000D+00
    17    16       0.206934609525D+01
    17    17      -0.580576289524D+01
    18     1       0.000000000000D+00
    18     2       0.000000000000D+00
    18     3       0.000000000000D+00
    18     4       0.000000000000D+00
    18     5       0.000000000000D+00
    18     6       0.000000000000D+00
    18     7       0.000000000000D+00
    18     8       0.000000000000D+00
    18     9       0.000000000000D+00
    18    10       0.000000000000D+00
    18    11       0.000000000000D+00
    18    12       0.000000000000D+00
    18    13       0.000000000000D+00
    18    14       0.000000000000D+00
    18    15       0.000000000000D+00
    18    16       0.111710041555D+00
    18    17       0.684180053863D+00
    18    18      -0.234534088729D+01
    19     1       0.000000000000D+00
    19     2       0.000000000000D+00
    19     3       0.000000000000D+00
    19     4       0.000000000000D+00
    19     5       0.000000000000D+00
    19     6       0.000000000000D+00
    19     7       0.000000000000D+00
    19     8       0.000000000000D+00
    19     9       0.000000000000D+00
    19    10       0.000000000000D+00
    19    11       0.000000000000D+00
    19    12       0.000000000000D+00
    19    13       0.000000000000D+00
    19    14       0.000000000000D+00
    19    15       0.000000000000D+00
    19    16      -0.732286853992D+00
    19    17       0.985208172669D+00
    19    18      -0.198931374931D+00
    19    19      -0.387220504540D+01
    20     1       0.000000000000D+00
    20     2       0.000000000000D+00
    20     3       0.000000000000D+00
    20     4       0.000000000000D+00
    20     5       0.000000000000D+00
    20     6       0.000000000000D+00
    20     7       0.000000000000D+00
    20     8       0.000000000000D+00
    20     9       0.000000000000D+00
    20    10       0.000000000000D+00
    20    11       0.000000000000D+00
    20    12       0.000000000000D+00
    20    13       0.000000000000D+00
    20    14       0.000000000000D+00
    20    15       0.000000000000D+00
    20    16      -0.109085611224D-01
    20    17       0.626012933865D+00
    20    18      -0.585797078728D+00
    20    19       0.197385619744D+00
    20    20      -0.293938276982D+01
    21     1       0.000000000000D+00
    21     2       0.000000000000D+00
    21     3       0.000000000000D+00
    21     4       0.000000000000D+00
    21     5       0.000000000000D+00
    21     6       0.000000000000D+00
    21     7       0.000000000000D+00
    21     8       0.000000000000D+00
    21     9       0.000000000000D+00
    21    10       0.000000000000D+00
    21    11       0.000000000000D+00
    21    12       0.000000000000D+00
    21    13       0.000000000000D+00
    21    14       0.000000000000D+00
    21    15       0.000000000000D+00
    21    16       0.971432448434D-01
    21    17      -0.261842375311D-01
    21    18      -0.113252660496D+00
    21    19       0.287749264801D+00
    21    20      -0.342827310068D+00
    21    21      -0.173204341972D+01
    22     1       0.000000000000D+00
    22     2       0.000000000000D+00
    22     3       0.000000000000D+00
    22     4       0.000000000000D+00
    22     5       0.000000000000D+00
    22     6       0.000000000000D+00
    22     7       0.000000000000D+00
    22     8       0.000000000000D+00
    22     9       0.000000000000D+00
    22    10       0.000000000000D+00
    22    11       0.000000000000D+00
    22    12       0.000000000000D+00
    22    13       0.000000000000D+00
    22    14       0.000000000000D+00
    22    15       0.000000000000D+00
    22    16       0.459584771895D-01
    22    17       0.108694713658D-01
    22    18      -0.113958922171D+00
    22    19      -0.267402451486D+00
    22    20       0.104078238289D+01
    22    21       0.361083399739D+00
    22    22      -0.147760604286D+01
    23     1       0.000000000000D+00
    23     2       0.000000000000D+00
    23     3       0.000000000000D+00
    23     4       0.000000000000D+00
    23     5       0.000000000000D+00
    23     6       0.000000000000D+00
    23     7       0.000000000000D+00
    23     8       0.000000000000D+00
    23     9       0.000000000000D+00
    23    10       0.000000000000D+00
    23    11       0.000000000000D+00
    23    12       0.000000000000D+00
    23    13       0.000000000000D+00
    23    14       0.000000000000D+00
    23    15       0.000000000000D+00
    23    16       0.000000000000D+00
    23    17       0.000000000000D+00
    23    18       0.000000000000D+00
    23    19       0.000000000000D+00
    23    20       0.000000000000D+00
    23    21       0.000000000000D+00
    23    22       0.000000000000D+00
    23    23      -0.343066113545D+01
    24     1       0.000000000000D+00
    24     2       0.000000000000D+00
    24     3       0.000000000000D+00
    24     4       0.000000000000D+00
    24     5       0.000000000000D+00
    24     6       0.000000000000D+00
    24     7       0.000000000000D+00
    24     8       0.000000000000D+00
    24     9       0.000000000000D+00
    24    10       0.000000000000D+00
    24    11       0.000000000000D+00
    24    12       0.000000000000D+00
    24    13       0.000000000000D+00
    24    14       0.000000000000D+00
    24    15       0.000000000000D+00
    24    16       0.000000000000D+00
    24    17       0.000000000000D+00
    24    18       0.000000000000D+00
    24    19       0.000000000000D+00
    24    20       0.000000000000D+00
    24    21       0.000000000000D+00
    24    22       0.000000000000D+00
    24    23       0.110068706870D+01
    24    24      -0.222737739980D+01
     0     0       0.000000000000D+00
