! norbt, nisht, nasht, nvirt:
24 1 8 15
j    i        D1_ij
     1     1       0.200000000000D+01
     2     1       0.000000000000D+00
     2     2       0.199077238356D+01
     3     1       0.000000000000D+00
     3     2       0.000000000000D+00
     3     3       0.165017860096D+01
     4     1       0.000000000000D+00
     4     2       0.000000000000D+00
     4     3       0.000000000000D+00
     4     4       0.353899879664D+00
     5     1       0.000000000000D+00
     5     2       0.000000000000D+00
     5     3       0.000000000000D+00
     5     4       0.000000000000D+00
     5     5       0.840569238853D-02
     6     1       0.000000000000D+00
     6     2       0.000000000000D+00
     6     3       0.000000000000D+00
     6     4       0.000000000000D+00
     6     5       0.000000000000D+00
     6     6       0.198331323457D+01
     7     1       0.000000000000D+00
     7     2       0.000000000000D+00
     7     3       0.000000000000D+00
     7     4       0.000000000000D+00
     7     5       0.000000000000D+00
     7     6       0.000000000000D+00
     7     7       0.156589488939D-01
     8     1       0.000000000000D+00
     8     2       0.000000000000D+00
     8     3       0.000000000000D+00
     8     4       0.000000000000D+00
     8     5       0.000000000000D+00
     8     6       0.000000000000D+00
     8     7       0.000000000000D+00
     8     8       0.169817916694D+01
     9     1       0.000000000000D+00
     9     2       0.000000000000D+00
     9     3       0.000000000000D+00
     9     4       0.000000000000D+00
     9     5       0.000000000000D+00
     9     6       0.000000000000D+00
     9     7       0.000000000000D+00
     9     8       0.000000000000D+00
     9     9       0.299592093027D+00
    10     1       0.000000000000D+00
    10     2       0.000000000000D+00
    10     3       0.000000000000D+00
    10     4       0.000000000000D+00
    10     5       0.000000000000D+00
    10     6       0.000000000000D+00
    10     7       0.000000000000D+00
    10     8       0.000000000000D+00
    10     9       0.000000000000D+00
    10    10       0.000000000000D+00
    11     1       0.000000000000D+00
    11     2       0.000000000000D+00
    11     3       0.000000000000D+00
    11     4       0.000000000000D+00
    11     5       0.000000000000D+00
    11     6       0.000000000000D+00
    11     7       0.000000000000D+00
    11     8       0.000000000000D+00
    11     9       0.000000000000D+00
    11    10       0.000000000000D+00
    11    11       0.000000000000D+00
    12     1       0.000000000000D+00
    12     2       0.000000000000D+00
    12     3       0.000000000000D+00
    12     4       0.000000000000D+00
    12     5       0.000000000000D+00
    12     6       0.000000000000D+00
    12     7       0.000000000000D+00
    12     8       0.000000000000D+00
    12     9       0.000000000000D+00
    12    10       0.000000000000D+00
    12    11       0.000000000000D+00
    12    12       0.000000000000D+00
    13     1       0.000000000000D+00
    13     2       0.000000000000D+00
    13     3       0.000000000000D+00
    13     4       0.000000000000D+00
    13     5       0.000000000000D+00
    13     6       0.000000000000D+00
    13     7       0.000000000000D+00
    13     8       0.000000000000D+00
    13     9       0.000000000000D+00
    13    10       0.000000000000D+00
    13    11       0.000000000000D+00
    13    12       0.000000000000D+00
    13    13       0.000000000000D+00
    14     1       0.000000000000D+00
    14     2       0.000000000000D+00
    14     3       0.000000000000D+00
    14     4       0.000000000000D+00
    14     5       0.000000000000D+00
    14     6       0.000000000000D+00
    14     7       0.000000000000D+00
    14     8       0.000000000000D+00
    14     9       0.000000000000D+00
    14    10       0.000000000000D+00
    14    11       0.000000000000D+00
    14    12       0.000000000000D+00
    14    13       0.000000000000D+00
    14    14       0.000000000000D+00
    15     1       0.000000000000D+00
    15     2       0.000000000000D+00
    15     3       0.000000000000D+00
    15     4       0.000000000000D+00
    15     5       0.000000000000D+00
    15     6       0.000000000000D+00
    15     7       0.000000000000D+00
    15     8       0.000000000000D+00
    15     9       0.000000000000D+00
    15    10       0.000000000000D+00
    15    11       0.000000000000D+00
    15    12       0.000000000000D+00
    15    13       0.000000000000D+00
    15    14       0.000000000000D+00
    15    15       0.000000000000D+00
    16     1       0.000000000000D+00
    16     2       0.000000000000D+00
    16     3       0.000000000000D+00
    16     4       0.000000000000D+00
    16     5       0.000000000000D+00
    16     6       0.000000000000D+00
    16     7       0.000000000000D+00
    16     8       0.000000000000D+00
    16     9       0.000000000000D+00
    16    10       0.000000000000D+00
    16    11       0.000000000000D+00
    16    12       0.000000000000D+00
    16    13       0.000000000000D+00
    16    14       0.000000000000D+00
    16    15       0.000000000000D+00
    16    16       0.000000000000D+00
    17     1       0.000000000000D+00
    17     2       0.000000000000D+00
    17     3       0.000000000000D+00
    17     4       0.000000000000D+00
    17     5       0.000000000000D+00
    17     6       0.000000000000D+00
    17     7       0.000000000000D+00
    17     8       0.000000000000D+00
    17     9       0.000000000000D+00
    17    10       0.000000000000D+00
    17    11       0.000000000000D+00
    17    12       0.000000000000D+00
    17    13       0.000000000000D+00
    17    14       0.000000000000D+00
    17    15       0.000000000000D+00
    17    16       0.000000000000D+00
    17    17       0.000000000000D+00
    18     1       0.000000000000D+00
    18     2       0.000000000000D+00
    18     3       0.000000000000D+00
    18     4       0.000000000000D+00
    18     5       0.000000000000D+00
    18     6       0.000000000000D+00
    18     7       0.000000000000D+00
    18     8       0.000000000000D+00
    18     9       0.000000000000D+00
    18    10       0.000000000000D+00
    18    11       0.000000000000D+00
    18    12       0.000000000000D+00
    18    13       0.000000000000D+00
    18    14       0.000000000000D+00
    18    15       0.000000000000D+00
    18    16       0.000000000000D+00
    18    17       0.000000000000D+00
    18    18       0.000000000000D+00
    19     1       0.000000000000D+00
    19     2       0.000000000000D+00
    19     3       0.000000000000D+00
    19     4       0.000000000000D+00
    19     5       0.000000000000D+00
    19     6       0.000000000000D+00
    19     7       0.000000000000D+00
    19     8       0.000000000000D+00
    19     9       0.000000000000D+00
    19    10       0.000000000000D+00
    19    11       0.000000000000D+00
    19    12       0.000000000000D+00
    19    13       0.000000000000D+00
    19    14       0.000000000000D+00
    19    15       0.000000000000D+00
    19    16       0.000000000000D+00
    19    17       0.000000000000D+00
    19    18       0.000000000000D+00
    19    19       0.000000000000D+00
    20     1       0.000000000000D+00
    20     2       0.000000000000D+00
    20     3       0.000000000000D+00
    20     4       0.000000000000D+00
    20     5       0.000000000000D+00
    20     6       0.000000000000D+00
    20     7       0.000000000000D+00
    20     8       0.000000000000D+00
    20     9       0.000000000000D+00
    20    10       0.000000000000D+00
    20    11       0.000000000000D+00
    20    12       0.000000000000D+00
    20    13       0.000000000000D+00
    20    14       0.000000000000D+00
    20    15       0.000000000000D+00
    20    16       0.000000000000D+00
    20    17       0.000000000000D+00
    20    18       0.000000000000D+00
    20    19       0.000000000000D+00
    20    20       0.000000000000D+00
    21     1       0.000000000000D+00
    21     2       0.000000000000D+00
    21     3       0.000000000000D+00
    21     4       0.000000000000D+00
    21     5       0.000000000000D+00
    21     6       0.000000000000D+00
    21     7       0.000000000000D+00
    21     8       0.000000000000D+00
    21     9       0.000000000000D+00
    21    10       0.000000000000D+00
    21    11       0.000000000000D+00
    21    12       0.000000000000D+00
    21    13       0.000000000000D+00
    21    14       0.000000000000D+00
    21    15       0.000000000000D+00
    21    16       0.000000000000D+00
    21    17       0.000000000000D+00
    21    18       0.000000000000D+00
    21    19       0.000000000000D+00
    21    20       0.000000000000D+00
    21    21       0.000000000000D+00
    22     1       0.000000000000D+00
    22     2       0.000000000000D+00
    22     3       0.000000000000D+00
    22     4       0.000000000000D+00
    22     5       0.000000000000D+00
    22     6       0.000000000000D+00
    22     7       0.000000000000D+00
    22     8       0.000000000000D+00
    22     9       0.000000000000D+00
    22    10       0.000000000000D+00
    22    11       0.000000000000D+00
    22    12       0.000000000000D+00
    22    13       0.000000000000D+00
    22    14       0.000000000000D+00
    22    15       0.000000000000D+00
    22    16       0.000000000000D+00
    22    17       0.000000000000D+00
    22    18       0.000000000000D+00
    22    19       0.000000000000D+00
    22    20       0.000000000000D+00
    22    21       0.000000000000D+00
    22    22       0.000000000000D+00
    23     1       0.000000000000D+00
    23     2       0.000000000000D+00
    23     3       0.000000000000D+00
    23     4       0.000000000000D+00
    23     5       0.000000000000D+00
    23     6       0.000000000000D+00
    23     7       0.000000000000D+00
    23     8       0.000000000000D+00
    23     9       0.000000000000D+00
    23    10       0.000000000000D+00
    23    11       0.000000000000D+00
    23    12       0.000000000000D+00
    23    13       0.000000000000D+00
    23    14       0.000000000000D+00
    23    15       0.000000000000D+00
    23    16       0.000000000000D+00
    23    17       0.000000000000D+00
    23    18       0.000000000000D+00
    23    19       0.000000000000D+00
    23    20       0.000000000000D+00
    23    21       0.000000000000D+00
    23    22       0.000000000000D+00
    23    23       0.000000000000D+00
    24     1       0.000000000000D+00
    24     2       0.000000000000D+00
    24     3       0.000000000000D+00
    24     4       0.000000000000D+00
    24     5       0.000000000000D+00
    24     6       0.000000000000D+00
    24     7       0.000000000000D+00
    24     8       0.000000000000D+00
    24     9       0.000000000000D+00
    24    10       0.000000000000D+00
    24    11       0.000000000000D+00
    24    12       0.000000000000D+00
    24    13       0.000000000000D+00
    24    14       0.000000000000D+00
    24    15       0.000000000000D+00
    24    16       0.000000000000D+00
    24    17       0.000000000000D+00
    24    18       0.000000000000D+00
    24    19       0.000000000000D+00
    24    20       0.000000000000D+00
    24    21       0.000000000000D+00
    24    22       0.000000000000D+00
    24    23       0.000000000000D+00
    24    24       0.000000000000D+00
     0     0       0.000000000000D+00
