! norbt, nisht, nasht, nvirt:
24 1 8 15
j    i        hij
     1     1      -0.332485354175D+02
     2     1       0.687859794540D+00
     2     2      -0.815259306603D+01
     3     1       0.417505414950D-02
     3     2      -0.117254627572D+00
     3     3      -0.722663707711D+01
     4     1      -0.438965719070D-01
     4     2       0.277173165232D+00
     4     3       0.211362980953D+01
     4     4      -0.587781360533D+01
     5     1       0.546277392175D+00
     5     2      -0.178981484940D+01
     5     3       0.319502483261D+00
     5     4       0.434720143843D+00
     5     5      -0.526412620924D+01
     6     1       0.902270808873D-01
     6     2      -0.129778967836D-01
     6     3       0.566514958288D-01
     6     4       0.311492288446D+00
     6     5      -0.223195609511D+00
     6     6      -0.256551391377D+01
     7     1       0.972999018801D-01
     7     2      -0.318262388576D+00
     7     3      -0.652645233180D-01
     7     4       0.129787157263D-01
     7     5      -0.300994658632D-01
     7     6       0.371917738891D+00
     7     7      -0.410044757270D+01
     8     1       0.138147055543D-01
     8     2      -0.431433698460D-01
     8     3      -0.260269781426D+00
     8     4      -0.392817495263D-01
     8     5      -0.959591849429D-01
     8     6       0.601226652437D-01
     8     7       0.192332133397D+00
     8     8      -0.421560583362D+01
     9     1       0.407929959788D-01
     9     2      -0.152905193124D-01
     9     3      -0.595651685746D-02
     9     4       0.109006958901D+00
     9     5      -0.183042552766D+00
     9     6      -0.148387578026D+00
     9     7       0.638181957382D+00
     9     8       0.282137245729D+00
     9     9      -0.322163634724D+01
    10     1       0.144484452631D-01
    10     2       0.250803183200D-01
    10     3      -0.127108802783D+00
    10     4       0.336378438530D+00
    10     5      -0.311904608108D-01
    10     6      -0.204968713588D+00
    10     7       0.232578894993D+00
    10     8      -0.603643247117D+00
    10     9      -0.192389167466D+00
    10    10      -0.199213825593D+01
    11     1       0.178021706361D+00
    11     2      -0.116372765456D+00
    11     3      -0.174441373190D+00
    11     4       0.730483020855D+00
    11     5      -0.241573468835D+00
    11     6      -0.561436048227D+00
    11     7      -0.110323711833D+00
    11     8       0.492134753619D-01
    11     9       0.196164240822D+00
    11    10      -0.141376904914D+00
    11    11      -0.190952631518D+01
    12     1       0.000000000000D+00
    12     2       0.000000000000D+00
    12     3       0.000000000000D+00
    12     4       0.000000000000D+00
    12     5       0.000000000000D+00
    12     6       0.000000000000D+00
    12     7       0.000000000000D+00
    12     8       0.000000000000D+00
    12     9       0.000000000000D+00
    12    10       0.000000000000D+00
    12    11       0.000000000000D+00
    12    12      -0.722655262656D+01
    13     1       0.000000000000D+00
    13     2       0.000000000000D+00
    13     3       0.000000000000D+00
    13     4       0.000000000000D+00
    13     5       0.000000000000D+00
    13     6       0.000000000000D+00
    13     7       0.000000000000D+00
    13     8       0.000000000000D+00
    13     9       0.000000000000D+00
    13    10       0.000000000000D+00
    13    11       0.000000000000D+00
    13    12       0.217846808909D+01
    13    13      -0.546300073029D+01
    14     1       0.000000000000D+00
    14     2       0.000000000000D+00
    14     3       0.000000000000D+00
    14     4       0.000000000000D+00
    14     5       0.000000000000D+00
    14     6       0.000000000000D+00
    14     7       0.000000000000D+00
    14     8       0.000000000000D+00
    14     9       0.000000000000D+00
    14    10       0.000000000000D+00
    14    11       0.000000000000D+00
    14    12      -0.243287807062D+00
    14    13      -0.752325190749D-01
    14    14      -0.424597272201D+01
    15     1       0.000000000000D+00
    15     2       0.000000000000D+00
    15     3       0.000000000000D+00
    15     4       0.000000000000D+00
    15     5       0.000000000000D+00
    15     6       0.000000000000D+00
    15     7       0.000000000000D+00
    15     8       0.000000000000D+00
    15     9       0.000000000000D+00
    15    10       0.000000000000D+00
    15    11       0.000000000000D+00
    15    12      -0.697501213151D-01
    15    13       0.196021355212D+00
    15    14      -0.514311903517D+00
    15    15      -0.241126145175D+01
    16     1       0.000000000000D+00
    16     2       0.000000000000D+00
    16     3       0.000000000000D+00
    16     4       0.000000000000D+00
    16     5       0.000000000000D+00
    16     6       0.000000000000D+00
    16     7       0.000000000000D+00
    16     8       0.000000000000D+00
    16     9       0.000000000000D+00
    16    10       0.000000000000D+00
    16    11       0.000000000000D+00
    16    12       0.000000000000D+00
    16    13       0.000000000000D+00
    16    14       0.000000000000D+00
    16    15       0.000000000000D+00
    16    16      -0.727403020570D+01
    17     1       0.000000000000D+00
    17     2       0.000000000000D+00
    17     3       0.000000000000D+00
    17     4       0.000000000000D+00
    17     5       0.000000000000D+00
    17     6       0.000000000000D+00
    17     7       0.000000000000D+00
    17     8       0.000000000000D+00
    17     9       0.000000000000D+00
    17    10       0.000000000000D+00
    17    11       0.000000000000D+00
    17    12       0.000000000000D+00
    17    13       0.000000000000D+00
    17    14       0.000000000000D+00
    17    15       0.000000000000D+00
    17    16       0.204697387701D+01
    17    17      -0.630119215875D+01
    18     1       0.000000000000D+00
    18     2       0.000000000000D+00
    18     3       0.000000000000D+00
    18     4       0.000000000000D+00
    18     5       0.000000000000D+00
    18     6       0.000000000000D+00
    18     7       0.000000000000D+00
    18     8       0.000000000000D+00
    18     9       0.000000000000D+00
    18    10       0.000000000000D+00
    18    11       0.000000000000D+00
    18    12       0.000000000000D+00
    18    13       0.000000000000D+00
    18    14       0.000000000000D+00
    18    15       0.000000000000D+00
    18    16       0.610603353553D-01
    18    17       0.597133777973D+00
    18    18      -0.245280814097D+01
    19     1       0.000000000000D+00
    19     2       0.000000000000D+00
    19     3       0.000000000000D+00
    19     4       0.000000000000D+00
    19     5       0.000000000000D+00
    19     6       0.000000000000D+00
    19     7       0.000000000000D+00
    19     8       0.000000000000D+00
    19     9       0.000000000000D+00
    19    10       0.000000000000D+00
    19    11       0.000000000000D+00
    19    12       0.000000000000D+00
    19    13       0.000000000000D+00
    19    14       0.000000000000D+00
    19    15       0.000000000000D+00
    19    16       0.474407527197D+00
    19    17       0.298975143657D-01
    19    18      -0.138682889678D+00
    19    19      -0.399661398066D+01
    20     1       0.000000000000D+00
    20     2       0.000000000000D+00
    20     3       0.000000000000D+00
    20     4       0.000000000000D+00
    20     5       0.000000000000D+00
    20     6       0.000000000000D+00
    20     7       0.000000000000D+00
    20     8       0.000000000000D+00
    20     9       0.000000000000D+00
    20    10       0.000000000000D+00
    20    11       0.000000000000D+00
    20    12       0.000000000000D+00
    20    13       0.000000000000D+00
    20    14       0.000000000000D+00
    20    15       0.000000000000D+00
    20    16      -0.267350033866D-01
    20    17       0.220482980987D-01
    20    18      -0.322457071715D-01
    20    19       0.264317805868D+00
    20    20      -0.264579368119D+01
    21     1       0.000000000000D+00
    21     2       0.000000000000D+00
    21     3       0.000000000000D+00
    21     4       0.000000000000D+00
    21     5       0.000000000000D+00
    21     6       0.000000000000D+00
    21     7       0.000000000000D+00
    21     8       0.000000000000D+00
    21     9       0.000000000000D+00
    21    10       0.000000000000D+00
    21    11       0.000000000000D+00
    21    12       0.000000000000D+00
    21    13       0.000000000000D+00
    21    14       0.000000000000D+00
    21    15       0.000000000000D+00
    21    16       0.102194235207D+00
    21    17       0.377317647246D+00
    21    18      -0.298591916266D+00
    21    19      -0.764464366474D+00
    21    20       0.185462958135D-01
    21    21      -0.301946568764D+01
    22     1       0.000000000000D+00
    22     2       0.000000000000D+00
    22     3       0.000000000000D+00
    22     4       0.000000000000D+00
    22     5       0.000000000000D+00
    22     6       0.000000000000D+00
    22     7       0.000000000000D+00
    22     8       0.000000000000D+00
    22     9       0.000000000000D+00
    22    10       0.000000000000D+00
    22    11       0.000000000000D+00
    22    12       0.000000000000D+00
    22    13       0.000000000000D+00
    22    14       0.000000000000D+00
    22    15       0.000000000000D+00
    22    16      -0.304327857113D+00
    22    17       0.998950699469D+00
    22    18      -0.729033806246D+00
    22    19       0.369735213914D+00
    22    20      -0.417789770699D-01
    22    21       0.805263347431D-01
    22    22      -0.222916470291D+01
    23     1       0.000000000000D+00
    23     2       0.000000000000D+00
    23     3       0.000000000000D+00
    23     4       0.000000000000D+00
    23     5       0.000000000000D+00
    23     6       0.000000000000D+00
    23     7       0.000000000000D+00
    23     8       0.000000000000D+00
    23     9       0.000000000000D+00
    23    10       0.000000000000D+00
    23    11       0.000000000000D+00
    23    12       0.000000000000D+00
    23    13       0.000000000000D+00
    23    14       0.000000000000D+00
    23    15       0.000000000000D+00
    23    16       0.000000000000D+00
    23    17       0.000000000000D+00
    23    18       0.000000000000D+00
    23    19       0.000000000000D+00
    23    20       0.000000000000D+00
    23    21       0.000000000000D+00
    23    22       0.000000000000D+00
    23    23      -0.433668203082D+01
    24     1       0.000000000000D+00
    24     2       0.000000000000D+00
    24     3       0.000000000000D+00
    24     4       0.000000000000D+00
    24     5       0.000000000000D+00
    24     6       0.000000000000D+00
    24     7       0.000000000000D+00
    24     8       0.000000000000D+00
    24     9       0.000000000000D+00
    24    10       0.000000000000D+00
    24    11       0.000000000000D+00
    24    12       0.000000000000D+00
    24    13       0.000000000000D+00
    24    14       0.000000000000D+00
    24    15       0.000000000000D+00
    24    16       0.000000000000D+00
    24    17       0.000000000000D+00
    24    18       0.000000000000D+00
    24    19       0.000000000000D+00
    24    20       0.000000000000D+00
    24    21       0.000000000000D+00
    24    22       0.000000000000D+00
    24    23      -0.540568676394D+00
    24    24      -0.249264362422D+01
     0     0       0.000000000000D+00
