! norbt, nisht, nasht, nvirt:
24 1 8 15
j    i        hij
     1     1      -0.324270293462D+02
     2     1       0.497435266637D+00
     2     2      -0.746399174266D+01
     3     1      -0.355606061697D-01
     3     2       0.105443539229D+00
     3     3      -0.485200319263D+01
     4     1      -0.467371111409D-01
     4     2       0.203368596769D+00
     4     3       0.217514359314D+01
     4     4      -0.478319369781D+01
     5     1       0.496246820756D+00
     5     2      -0.158284170508D+01
     5     3       0.371031319895D+00
     5     4       0.519673855400D-01
     5     5      -0.439897473598D+01
     6     1       0.213953532909D-02
     6     2       0.305487023801D-01
     6     3       0.336005228918D+00
     6     4      -0.254921306761D+00
     6     5       0.367907007775D-01
     6     6      -0.165211593458D+01
     7     1      -0.636807143842D-01
     7     2       0.137006179962D+00
     7     3       0.998752964890D+00
     7     4      -0.146665710068D+01
     7     5      -0.266739904502D-01
     7     6      -0.628632162385D+00
     7     7      -0.428070455026D+01
     8     1       0.914527138904D-01
     8     2      -0.257955574746D+00
     8     3       0.211899530494D+00
     8     4       0.799749223316D-01
     8     5      -0.752437673328D-01
     8     6       0.121735755162D+00
     8     7      -0.175341436612D+00
     8     8      -0.355073644070D+01
     9     1      -0.307529919588D-01
     9     2       0.934454875149D-01
     9     3      -0.104416723607D-01
     9     4       0.435014553909D-01
     9     5       0.394540315851D-01
     9     6       0.138264350338D-01
     9     7      -0.530533427855D-01
     9     8       0.586202726137D-01
     9     9      -0.376015297155D+01
    10     1      -0.410252540040D-02
    10     2       0.886571935180D-02
    10     3      -0.240028661595D-01
    10     4       0.420093609967D-01
    10     5       0.143091885216D-01
    10     6       0.384618845961D-02
    10     7       0.968272756912D-01
    10     8       0.153235272760D+00
    10     9       0.294766696973D+00
    10    10      -0.526446547735D+00
    11     1       0.678815138763D-01
    11     2      -0.141843055438D+00
    11     3      -0.242211128888D+00
    11     4       0.884086062066D-01
    11     5      -0.133758302433D+00
    11     6       0.258693453127D+00
    11     7       0.487998137416D+00
    11     8      -0.813216063039D+00
    11     9      -0.152107002120D+00
    11    10       0.534140113268D-01
    11    11      -0.824727886893D+00
    12     1       0.000000000000D+00
    12     2       0.000000000000D+00
    12     3       0.000000000000D+00
    12     4       0.000000000000D+00
    12     5       0.000000000000D+00
    12     6       0.000000000000D+00
    12     7       0.000000000000D+00
    12     8       0.000000000000D+00
    12     9       0.000000000000D+00
    12    10       0.000000000000D+00
    12    11       0.000000000000D+00
    12    12      -0.673887886929D+01
    13     1       0.000000000000D+00
    13     2       0.000000000000D+00
    13     3       0.000000000000D+00
    13     4       0.000000000000D+00
    13     5       0.000000000000D+00
    13     6       0.000000000000D+00
    13     7       0.000000000000D+00
    13     8       0.000000000000D+00
    13     9       0.000000000000D+00
    13    10       0.000000000000D+00
    13    11       0.000000000000D+00
    13    12       0.196206549280D+01
    13    13      -0.476648837906D+01
    14     1       0.000000000000D+00
    14     2       0.000000000000D+00
    14     3       0.000000000000D+00
    14     4       0.000000000000D+00
    14     5       0.000000000000D+00
    14     6       0.000000000000D+00
    14     7       0.000000000000D+00
    14     8       0.000000000000D+00
    14     9       0.000000000000D+00
    14    10       0.000000000000D+00
    14    11       0.000000000000D+00
    14    12      -0.488682575083D-01
    14    13      -0.793156352975D-02
    14    14      -0.376902354895D+01
    15     1       0.000000000000D+00
    15     2       0.000000000000D+00
    15     3       0.000000000000D+00
    15     4       0.000000000000D+00
    15     5       0.000000000000D+00
    15     6       0.000000000000D+00
    15     7       0.000000000000D+00
    15     8       0.000000000000D+00
    15     9       0.000000000000D+00
    15    10       0.000000000000D+00
    15    11       0.000000000000D+00
    15    12      -0.162511650553D-01
    15    13       0.474909872201D-01
    15    14       0.183960667295D+00
    15    15      -0.497653176121D+00
    16     1       0.000000000000D+00
    16     2       0.000000000000D+00
    16     3       0.000000000000D+00
    16     4       0.000000000000D+00
    16     5       0.000000000000D+00
    16     6       0.000000000000D+00
    16     7       0.000000000000D+00
    16     8       0.000000000000D+00
    16     9       0.000000000000D+00
    16    10       0.000000000000D+00
    16    11       0.000000000000D+00
    16    12       0.000000000000D+00
    16    13       0.000000000000D+00
    16    14       0.000000000000D+00
    16    15       0.000000000000D+00
    16    16      -0.486755377591D+01
    17     1       0.000000000000D+00
    17     2       0.000000000000D+00
    17     3       0.000000000000D+00
    17     4       0.000000000000D+00
    17     5       0.000000000000D+00
    17     6       0.000000000000D+00
    17     7       0.000000000000D+00
    17     8       0.000000000000D+00
    17     9       0.000000000000D+00
    17    10       0.000000000000D+00
    17    11       0.000000000000D+00
    17    12       0.000000000000D+00
    17    13       0.000000000000D+00
    17    14       0.000000000000D+00
    17    15       0.000000000000D+00
    17    16       0.219618053604D+01
    17    17      -0.478653720298D+01
    18     1       0.000000000000D+00
    18     2       0.000000000000D+00
    18     3       0.000000000000D+00
    18     4       0.000000000000D+00
    18     5       0.000000000000D+00
    18     6       0.000000000000D+00
    18     7       0.000000000000D+00
    18     8       0.000000000000D+00
    18     9       0.000000000000D+00
    18    10       0.000000000000D+00
    18    11       0.000000000000D+00
    18    12       0.000000000000D+00
    18    13       0.000000000000D+00
    18    14       0.000000000000D+00
    18    15       0.000000000000D+00
    18    16       0.330786892931D+00
    18    17      -0.264570855883D+00
    18    18      -0.161406252751D+01
    19     1       0.000000000000D+00
    19     2       0.000000000000D+00
    19     3       0.000000000000D+00
    19     4       0.000000000000D+00
    19     5       0.000000000000D+00
    19     6       0.000000000000D+00
    19     7       0.000000000000D+00
    19     8       0.000000000000D+00
    19     9       0.000000000000D+00
    19    10       0.000000000000D+00
    19    11       0.000000000000D+00
    19    12       0.000000000000D+00
    19    13       0.000000000000D+00
    19    14       0.000000000000D+00
    19    15       0.000000000000D+00
    19    16       0.953834570791D+00
    19    17      -0.149914694866D+01
    19    18      -0.625501202643D+00
    19    19      -0.420103457546D+01
    20     1       0.000000000000D+00
    20     2       0.000000000000D+00
    20     3       0.000000000000D+00
    20     4       0.000000000000D+00
    20     5       0.000000000000D+00
    20     6       0.000000000000D+00
    20     7       0.000000000000D+00
    20     8       0.000000000000D+00
    20     9       0.000000000000D+00
    20    10       0.000000000000D+00
    20    11       0.000000000000D+00
    20    12       0.000000000000D+00
    20    13       0.000000000000D+00
    20    14       0.000000000000D+00
    20    15       0.000000000000D+00
    20    16       0.213496981285D+00
    20    17       0.673184578358D-01
    20    18       0.130011809893D+00
    20    19      -0.240731693366D+00
    20    20      -0.347367573790D+01
    21     1       0.000000000000D+00
    21     2       0.000000000000D+00
    21     3       0.000000000000D+00
    21     4       0.000000000000D+00
    21     5       0.000000000000D+00
    21     6       0.000000000000D+00
    21     7       0.000000000000D+00
    21     8       0.000000000000D+00
    21     9       0.000000000000D+00
    21    10       0.000000000000D+00
    21    11       0.000000000000D+00
    21    12       0.000000000000D+00
    21    13       0.000000000000D+00
    21    14       0.000000000000D+00
    21    15       0.000000000000D+00
    21    16       0.637467362527D-02
    21    17      -0.369892636645D-01
    21    18       0.711734833200D-02
    21    19      -0.573992552508D-01
    21    20      -0.185438103466D+00
    21    21      -0.502959829599D+00
    22     1       0.000000000000D+00
    22     2       0.000000000000D+00
    22     3       0.000000000000D+00
    22     4       0.000000000000D+00
    22     5       0.000000000000D+00
    22     6       0.000000000000D+00
    22     7       0.000000000000D+00
    22     8       0.000000000000D+00
    22     9       0.000000000000D+00
    22    10       0.000000000000D+00
    22    11       0.000000000000D+00
    22    12       0.000000000000D+00
    22    13       0.000000000000D+00
    22    14       0.000000000000D+00
    22    15       0.000000000000D+00
    22    16      -0.277092063971D+00
    22    17       0.148204903060D+00
    22    18       0.298354663747D+00
    22    19       0.587594129824D+00
    22    20      -0.899040825145D+00
    22    21      -0.590429479554D-01
    22    22      -0.903643424068D+00
    23     1       0.000000000000D+00
    23     2       0.000000000000D+00
    23     3       0.000000000000D+00
    23     4       0.000000000000D+00
    23     5       0.000000000000D+00
    23     6       0.000000000000D+00
    23     7       0.000000000000D+00
    23     8       0.000000000000D+00
    23     9       0.000000000000D+00
    23    10       0.000000000000D+00
    23    11       0.000000000000D+00
    23    12       0.000000000000D+00
    23    13       0.000000000000D+00
    23    14       0.000000000000D+00
    23    15       0.000000000000D+00
    23    16       0.000000000000D+00
    23    17       0.000000000000D+00
    23    18       0.000000000000D+00
    23    19       0.000000000000D+00
    23    20       0.000000000000D+00
    23    21       0.000000000000D+00
    23    22       0.000000000000D+00
    23    23      -0.376675603180D+01
    24     1       0.000000000000D+00
    24     2       0.000000000000D+00
    24     3       0.000000000000D+00
    24     4       0.000000000000D+00
    24     5       0.000000000000D+00
    24     6       0.000000000000D+00
    24     7       0.000000000000D+00
    24     8       0.000000000000D+00
    24     9       0.000000000000D+00
    24    10       0.000000000000D+00
    24    11       0.000000000000D+00
    24    12       0.000000000000D+00
    24    13       0.000000000000D+00
    24    14       0.000000000000D+00
    24    15       0.000000000000D+00
    24    16       0.000000000000D+00
    24    17       0.000000000000D+00
    24    18       0.000000000000D+00
    24    19       0.000000000000D+00
    24    20       0.000000000000D+00
    24    21       0.000000000000D+00
    24    22       0.000000000000D+00
    24    23       0.266996435599D+00
    24    24      -0.511274361643D+00
     0     0       0.000000000000D+00
