! norbt, nisht, nasht, nvirt:
24 1 8 15
j    i        hij
     1     1      -0.357770660746D+02
     2     1       0.190499327520D+01
     2     2      -0.104804498551D+02
     3     1      -0.381846089841D+00
     3     2      -0.493248666085D+00
     3     3      -0.854306899526D+01
     4     1       0.407239070185D+00
     4     2      -0.758233062433D-01
     4     3       0.257384382083D+01
     4     4      -0.609448886178D+01
     5     1      -0.596059579357D+00
     5     2       0.230377475268D+01
     5     3       0.331713737892D+00
     5     4      -0.225272846350D+00
     5     5      -0.613462027753D+01
     6     1       0.129575515012D+00
     6     2      -0.138879772133D-01
     6     3       0.511721429250D-01
     6     4      -0.227316806638D+00
     6     5       0.138594890145D+00
     6     6      -0.260946743867D+01
     7     1       0.159652426905D-01
     7     2       0.502099725875D-01
     7     3       0.221844152171D+00
     7     4      -0.370542419322D-01
     7     5       0.327177658975D-01
     7     6      -0.115082859473D+00
     7     7      -0.476591010890D+01
     8     1       0.835795244337D-02
     8     2      -0.807188313453D-01
     8     3      -0.116528566175D+00
     8     4      -0.100721231040D+00
     8     5      -0.101472120826D-01
     8     6       0.742046645318D-02
     8     7      -0.528358948465D-01
     8     8      -0.476487085039D+01
     9     1      -0.918962108148D-01
     9     2       0.281890704916D+00
     9     3       0.306554320315D+00
     9     4      -0.550344559882D+00
     9     5      -0.254666499034D+00
     9     6       0.305368402228D+00
     9     7      -0.248789631482D+00
     9     8       0.720449810620D-01
     9     9      -0.272417096658D+01
    10     1      -0.213055013015D+00
    10     2       0.842962842785D-01
    10     3      -0.305115419472D+00
    10     4       0.857088839073D+00
    10     5       0.146179450464D+00
    10     6       0.127862828792D+00
    10     7      -0.619416807640D+00
    10     8      -0.100516189650D+00
    10     9       0.370439381367D+00
    10    10      -0.303839532622D+01
    11     1      -0.942192926440D+00
    11     2       0.754296819468D+00
    11     3      -0.407397346019D+00
    11     4       0.658149910471D+00
    11     5       0.985674171757D-01
    11     6       0.645767996194D+00
    11     7       0.358972780106D+00
    11     8       0.380069469998D+00
    11     9       0.163741067123D+00
    11    10      -0.347668474248D+00
    11    11       0.578792719793D+01
    12     1       0.000000000000D+00
    12     2       0.000000000000D+00
    12     3       0.000000000000D+00
    12     4       0.000000000000D+00
    12     5       0.000000000000D+00
    12     6       0.000000000000D+00
    12     7       0.000000000000D+00
    12     8       0.000000000000D+00
    12     9       0.000000000000D+00
    12    10       0.000000000000D+00
    12    11       0.000000000000D+00
    12    12      -0.860136804301D+01
    13     1       0.000000000000D+00
    13     2       0.000000000000D+00
    13     3       0.000000000000D+00
    13     4       0.000000000000D+00
    13     5       0.000000000000D+00
    13     6       0.000000000000D+00
    13     7       0.000000000000D+00
    13     8       0.000000000000D+00
    13     9       0.000000000000D+00
    13    10       0.000000000000D+00
    13    11       0.000000000000D+00
    13    12       0.271476450226D+01
    13    13      -0.637961907422D+01
    14     1       0.000000000000D+00
    14     2       0.000000000000D+00
    14     3       0.000000000000D+00
    14     4       0.000000000000D+00
    14     5       0.000000000000D+00
    14     6       0.000000000000D+00
    14     7       0.000000000000D+00
    14     8       0.000000000000D+00
    14     9       0.000000000000D+00
    14    10       0.000000000000D+00
    14    11       0.000000000000D+00
    14    12      -0.260258934530D+00
    14    13       0.533732195428D-05
    14    14      -0.474729656147D+01
    15     1       0.000000000000D+00
    15     2       0.000000000000D+00
    15     3       0.000000000000D+00
    15     4       0.000000000000D+00
    15     5       0.000000000000D+00
    15     6       0.000000000000D+00
    15     7       0.000000000000D+00
    15     8       0.000000000000D+00
    15     9       0.000000000000D+00
    15    10       0.000000000000D+00
    15    11       0.000000000000D+00
    15    12      -0.494494338735D+00
    15    13       0.130945098910D+01
    15    14       0.797485674985D-01
    15    15      -0.344380742842D+01
    16     1       0.000000000000D+00
    16     2       0.000000000000D+00
    16     3       0.000000000000D+00
    16     4       0.000000000000D+00
    16     5       0.000000000000D+00
    16     6       0.000000000000D+00
    16     7       0.000000000000D+00
    16     8       0.000000000000D+00
    16     9       0.000000000000D+00
    16    10       0.000000000000D+00
    16    11       0.000000000000D+00
    16    12       0.000000000000D+00
    16    13       0.000000000000D+00
    16    14       0.000000000000D+00
    16    15       0.000000000000D+00
    16    16      -0.101789622380D+02
    17     1       0.000000000000D+00
    17     2       0.000000000000D+00
    17     3       0.000000000000D+00
    17     4       0.000000000000D+00
    17     5       0.000000000000D+00
    17     6       0.000000000000D+00
    17     7       0.000000000000D+00
    17     8       0.000000000000D+00
    17     9       0.000000000000D+00
    17    10       0.000000000000D+00
    17    11       0.000000000000D+00
    17    12       0.000000000000D+00
    17    13       0.000000000000D+00
    17    14       0.000000000000D+00
    17    15       0.000000000000D+00
    17    16       0.239787684438D+01
    17    17      -0.612421657678D+01
    18     1       0.000000000000D+00
    18     2       0.000000000000D+00
    18     3       0.000000000000D+00
    18     4       0.000000000000D+00
    18     5       0.000000000000D+00
    18     6       0.000000000000D+00
    18     7       0.000000000000D+00
    18     8       0.000000000000D+00
    18     9       0.000000000000D+00
    18    10       0.000000000000D+00
    18    11       0.000000000000D+00
    18    12       0.000000000000D+00
    18    13       0.000000000000D+00
    18    14       0.000000000000D+00
    18    15       0.000000000000D+00
    18    16      -0.441856515129D-01
    18    17       0.268817958856D+00
    18    18      -0.235894077733D+01
    19     1       0.000000000000D+00
    19     2       0.000000000000D+00
    19     3       0.000000000000D+00
    19     4       0.000000000000D+00
    19     5       0.000000000000D+00
    19     6       0.000000000000D+00
    19     7       0.000000000000D+00
    19     8       0.000000000000D+00
    19     9       0.000000000000D+00
    19    10       0.000000000000D+00
    19    11       0.000000000000D+00
    19    12       0.000000000000D+00
    19    13       0.000000000000D+00
    19    14       0.000000000000D+00
    19    15       0.000000000000D+00
    19    16      -0.180291509336D+00
    19    17      -0.134455281905D+00
    19    18      -0.112622535041D+00
    19    19      -0.486522820466D+01
    20     1       0.000000000000D+00
    20     2       0.000000000000D+00
    20     3       0.000000000000D+00
    20     4       0.000000000000D+00
    20     5       0.000000000000D+00
    20     6       0.000000000000D+00
    20     7       0.000000000000D+00
    20     8       0.000000000000D+00
    20     9       0.000000000000D+00
    20    10       0.000000000000D+00
    20    11       0.000000000000D+00
    20    12       0.000000000000D+00
    20    13       0.000000000000D+00
    20    14       0.000000000000D+00
    20    15       0.000000000000D+00
    20    16       0.287916243726D+00
    20    17      -0.501410660166D+00
    20    18       0.504814245836D+00
    20    19       0.906412439404D-02
    20    20      -0.255081557838D+01
    21     1       0.000000000000D+00
    21     2       0.000000000000D+00
    21     3       0.000000000000D+00
    21     4       0.000000000000D+00
    21     5       0.000000000000D+00
    21     6       0.000000000000D+00
    21     7       0.000000000000D+00
    21     8       0.000000000000D+00
    21     9       0.000000000000D+00
    21    10       0.000000000000D+00
    21    11       0.000000000000D+00
    21    12       0.000000000000D+00
    21    13       0.000000000000D+00
    21    14       0.000000000000D+00
    21    15       0.000000000000D+00
    21    16      -0.294155256580D+00
    21    17       0.326393839199D+00
    21    18      -0.220875047877D+00
    21    19      -0.661936420557D+00
    21    20       0.139196803815D+00
    21    21      -0.296298622251D+01
    22     1       0.000000000000D+00
    22     2       0.000000000000D+00
    22     3       0.000000000000D+00
    22     4       0.000000000000D+00
    22     5       0.000000000000D+00
    22     6       0.000000000000D+00
    22     7       0.000000000000D+00
    22     8       0.000000000000D+00
    22     9       0.000000000000D+00
    22    10       0.000000000000D+00
    22    11       0.000000000000D+00
    22    12       0.000000000000D+00
    22    13       0.000000000000D+00
    22    14       0.000000000000D+00
    22    15       0.000000000000D+00
    22    16       0.161539288727D+00
    22    17      -0.431013989137D+00
    22    18       0.323281603853D-01
    22    19      -0.849188093585D+00
    22    20      -0.574827344881D+00
    22    21      -0.383423709691D+00
    22    22       0.149249374924D+01
    23     1       0.000000000000D+00
    23     2       0.000000000000D+00
    23     3       0.000000000000D+00
    23     4       0.000000000000D+00
    23     5       0.000000000000D+00
    23     6       0.000000000000D+00
    23     7       0.000000000000D+00
    23     8       0.000000000000D+00
    23     9       0.000000000000D+00
    23    10       0.000000000000D+00
    23    11       0.000000000000D+00
    23    12       0.000000000000D+00
    23    13       0.000000000000D+00
    23    14       0.000000000000D+00
    23    15       0.000000000000D+00
    23    16       0.000000000000D+00
    23    17       0.000000000000D+00
    23    18       0.000000000000D+00
    23    19       0.000000000000D+00
    23    20       0.000000000000D+00
    23    21       0.000000000000D+00
    23    22       0.000000000000D+00
    23    23      -0.455473498312D+01
    24     1       0.000000000000D+00
    24     2       0.000000000000D+00
    24     3       0.000000000000D+00
    24     4       0.000000000000D+00
    24     5       0.000000000000D+00
    24     6       0.000000000000D+00
    24     7       0.000000000000D+00
    24     8       0.000000000000D+00
    24     9       0.000000000000D+00
    24    10       0.000000000000D+00
    24    11       0.000000000000D+00
    24    12       0.000000000000D+00
    24    13       0.000000000000D+00
    24    14       0.000000000000D+00
    24    15       0.000000000000D+00
    24    16       0.000000000000D+00
    24    17       0.000000000000D+00
    24    18       0.000000000000D+00
    24    19       0.000000000000D+00
    24    20       0.000000000000D+00
    24    21       0.000000000000D+00
    24    22       0.000000000000D+00
    24    23      -0.848270934672D+00
    24    24      -0.300874949304D+01
     0     0       0.000000000000D+00
