! norbt, nisht, nasht, nvirt:
24 1 8 15
j    i        hij
     1     1      -0.329236741072D+02
     2     1       0.524678338228D+00
     2     2      -0.775862855542D+01
     3     1       0.111984526250D+00
     3     2      -0.185640114192D+00
     3     3      -0.663949727950D+01
     4     1      -0.230718997650D+00
     4     2       0.316102067511D+00
     4     3       0.204182742327D+01
     4     4      -0.596544937381D+01
     5     1       0.467172994055D+00
     5     2      -0.173363229028D+01
     5     3       0.550080932182D+00
     5     4       0.373041977032D-01
     5     5      -0.481402853565D+01
     6     1       0.680032066646D-01
     6     2      -0.548897396000D-02
     6     3       0.572433978300D-01
     6     4       0.574236029722D+00
     6     5       0.700171671822D-01
     6     6      -0.255876319924D+01
     7     1      -0.164231136740D+00
     7     2       0.314254170977D+00
     7     3       0.345588410128D+00
     7     4      -0.483906147866D+00
     7     5       0.533967063186D-01
     7     6      -0.176590462311D+00
     7     7      -0.380852692839D+01
     8     1      -0.254928485164D-01
     8     2      -0.366301166071D-01
     8     3       0.231002034926D+00
     8     4      -0.179383962256D+00
     8     5       0.558234074450D-01
     8     6       0.313859772148D-01
     8     7       0.124341767862D+00
     8     8      -0.385346316615D+01
     9     1       0.856650425045D-01
     9     2      -0.408468085729D-01
     9     3      -0.672976758900D-01
     9     4       0.503924303607D+00
     9     5      -0.694148652027D-01
     9     6      -0.418873349351D+00
     9     7      -0.427869911913D+00
     9     8      -0.270661215207D+00
     9     9      -0.336906356662D+01
    10     1      -0.656896141744D-02
    10     2       0.454459712841D-01
    10     3       0.899667025567D-02
    10     4       0.310477461265D-01
    10     5      -0.190354315338D-01
    10     6      -0.137410184241D+00
    10     7      -0.333035386674D+00
    10     8       0.805840679239D+00
    10     9      -0.122658853078D+00
    10    10      -0.200643677368D+01
    11     1      -0.782787127621D-01
    11     2       0.115573920343D-01
    11     3       0.666066239749D-01
    11     4      -0.462873187068D+00
    11     5      -0.541292237506D-01
    11     6       0.487638818891D+00
    11     7      -0.319449608399D+00
    11     8      -0.125648609813D-01
    11     9      -0.534323784483D+00
    11    10      -0.162549787143D+00
    11    11      -0.167948565286D+01
    12     1       0.000000000000D+00
    12     2       0.000000000000D+00
    12     3       0.000000000000D+00
    12     4       0.000000000000D+00
    12     5       0.000000000000D+00
    12     6       0.000000000000D+00
    12     7       0.000000000000D+00
    12     8       0.000000000000D+00
    12     9       0.000000000000D+00
    12    10       0.000000000000D+00
    12    11       0.000000000000D+00
    12    12      -0.700194181502D+01
    13     1       0.000000000000D+00
    13     2       0.000000000000D+00
    13     3       0.000000000000D+00
    13     4       0.000000000000D+00
    13     5       0.000000000000D+00
    13     6       0.000000000000D+00
    13     7       0.000000000000D+00
    13     8       0.000000000000D+00
    13     9       0.000000000000D+00
    13    10       0.000000000000D+00
    13    11       0.000000000000D+00
    13    12       0.210170321251D+01
    13    13      -0.527408764587D+01
    14     1       0.000000000000D+00
    14     2       0.000000000000D+00
    14     3       0.000000000000D+00
    14     4       0.000000000000D+00
    14     5       0.000000000000D+00
    14     6       0.000000000000D+00
    14     7       0.000000000000D+00
    14     8       0.000000000000D+00
    14     9       0.000000000000D+00
    14    10       0.000000000000D+00
    14    11       0.000000000000D+00
    14    12      -0.192225340510D+00
    14    13      -0.624580872206D-02
    14    14      -0.387994534367D+01
    15     1       0.000000000000D+00
    15     2       0.000000000000D+00
    15     3       0.000000000000D+00
    15     4       0.000000000000D+00
    15     5       0.000000000000D+00
    15     6       0.000000000000D+00
    15     7       0.000000000000D+00
    15     8       0.000000000000D+00
    15     9       0.000000000000D+00
    15    10       0.000000000000D+00
    15    11       0.000000000000D+00
    15    12      -0.419475380196D-02
    15    13       0.504472127144D-01
    15    14       0.785266335157D+00
    15    15      -0.220941017184D+01
    16     1       0.000000000000D+00
    16     2       0.000000000000D+00
    16     3       0.000000000000D+00
    16     4       0.000000000000D+00
    16     5       0.000000000000D+00
    16     6       0.000000000000D+00
    16     7       0.000000000000D+00
    16     8       0.000000000000D+00
    16     9       0.000000000000D+00
    16    10       0.000000000000D+00
    16    11       0.000000000000D+00
    16    12       0.000000000000D+00
    16    13       0.000000000000D+00
    16    14       0.000000000000D+00
    16    15       0.000000000000D+00
    16    16      -0.641621823374D+01
    17     1       0.000000000000D+00
    17     2       0.000000000000D+00
    17     3       0.000000000000D+00
    17     4       0.000000000000D+00
    17     5       0.000000000000D+00
    17     6       0.000000000000D+00
    17     7       0.000000000000D+00
    17     8       0.000000000000D+00
    17     9       0.000000000000D+00
    17    10       0.000000000000D+00
    17    11       0.000000000000D+00
    17    12       0.000000000000D+00
    17    13       0.000000000000D+00
    17    14       0.000000000000D+00
    17    15       0.000000000000D+00
    17    16       0.205291632916D+01
    17    17      -0.614728917251D+01
    18     1       0.000000000000D+00
    18     2       0.000000000000D+00
    18     3       0.000000000000D+00
    18     4       0.000000000000D+00
    18     5       0.000000000000D+00
    18     6       0.000000000000D+00
    18     7       0.000000000000D+00
    18     8       0.000000000000D+00
    18     9       0.000000000000D+00
    18    10       0.000000000000D+00
    18    11       0.000000000000D+00
    18    12       0.000000000000D+00
    18    13       0.000000000000D+00
    18    14       0.000000000000D+00
    18    15       0.000000000000D+00
    18    16       0.119933777335D+00
    18    17       0.687958771718D+00
    18    18      -0.246081184102D+01
    19     1       0.000000000000D+00
    19     2       0.000000000000D+00
    19     3       0.000000000000D+00
    19     4       0.000000000000D+00
    19     5       0.000000000000D+00
    19     6       0.000000000000D+00
    19     7       0.000000000000D+00
    19     8       0.000000000000D+00
    19     9       0.000000000000D+00
    19    10       0.000000000000D+00
    19    11       0.000000000000D+00
    19    12       0.000000000000D+00
    19    13       0.000000000000D+00
    19    14       0.000000000000D+00
    19    15       0.000000000000D+00
    19    16       0.579341198003D+00
    19    17      -0.475533988313D+00
    19    18      -0.636117858531D-01
    19    19      -0.379331551440D+01
    20     1       0.000000000000D+00
    20     2       0.000000000000D+00
    20     3       0.000000000000D+00
    20     4       0.000000000000D+00
    20     5       0.000000000000D+00
    20     6       0.000000000000D+00
    20     7       0.000000000000D+00
    20     8       0.000000000000D+00
    20     9       0.000000000000D+00
    20    10       0.000000000000D+00
    20    11       0.000000000000D+00
    20    12       0.000000000000D+00
    20    13       0.000000000000D+00
    20    14       0.000000000000D+00
    20    15       0.000000000000D+00
    20    16       0.544620593047D-01
    20    17      -0.318295737255D+00
    20    18       0.221873796612D+00
    20    19       0.137812033157D+00
    20    20      -0.228029303521D+01
    21     1       0.000000000000D+00
    21     2       0.000000000000D+00
    21     3       0.000000000000D+00
    21     4       0.000000000000D+00
    21     5       0.000000000000D+00
    21     6       0.000000000000D+00
    21     7       0.000000000000D+00
    21     8       0.000000000000D+00
    21     9       0.000000000000D+00
    21    10       0.000000000000D+00
    21    11       0.000000000000D+00
    21    12       0.000000000000D+00
    21    13       0.000000000000D+00
    21    14       0.000000000000D+00
    21    15       0.000000000000D+00
    21    16       0.171287588808D-01
    21    17       0.573600518052D+00
    21    18      -0.573950800740D+00
    21    19      -0.382235202053D+00
    21    20       0.297759213494D+00
    21    21      -0.289447051374D+01
    22     1       0.000000000000D+00
    22     2       0.000000000000D+00
    22     3       0.000000000000D+00
    22     4       0.000000000000D+00
    22     5       0.000000000000D+00
    22     6       0.000000000000D+00
    22     7       0.000000000000D+00
    22     8       0.000000000000D+00
    22     9       0.000000000000D+00
    22    10       0.000000000000D+00
    22    11       0.000000000000D+00
    22    12       0.000000000000D+00
    22    13       0.000000000000D+00
    22    14       0.000000000000D+00
    22    15       0.000000000000D+00
    22    16      -0.130224497256D+00
    22    17       0.449201439162D+00
    22    18      -0.403082142598D+00
    22    19       0.622270742870D+00
    22    20      -0.163622311656D+00
    22    21       0.680959643241D+00
    22    22      -0.172610722954D+01
    23     1       0.000000000000D+00
    23     2       0.000000000000D+00
    23     3       0.000000000000D+00
    23     4       0.000000000000D+00
    23     5       0.000000000000D+00
    23     6       0.000000000000D+00
    23     7       0.000000000000D+00
    23     8       0.000000000000D+00
    23     9       0.000000000000D+00
    23    10       0.000000000000D+00
    23    11       0.000000000000D+00
    23    12       0.000000000000D+00
    23    13       0.000000000000D+00
    23    14       0.000000000000D+00
    23    15       0.000000000000D+00
    23    16       0.000000000000D+00
    23    17       0.000000000000D+00
    23    18       0.000000000000D+00
    23    19       0.000000000000D+00
    23    20       0.000000000000D+00
    23    21       0.000000000000D+00
    23    22       0.000000000000D+00
    23    23      -0.384784212068D+01
    24     1       0.000000000000D+00
    24     2       0.000000000000D+00
    24     3       0.000000000000D+00
    24     4       0.000000000000D+00
    24     5       0.000000000000D+00
    24     6       0.000000000000D+00
    24     7       0.000000000000D+00
    24     8       0.000000000000D+00
    24     9       0.000000000000D+00
    24    10       0.000000000000D+00
    24    11       0.000000000000D+00
    24    12       0.000000000000D+00
    24    13       0.000000000000D+00
    24    14       0.000000000000D+00
    24    15       0.000000000000D+00
    24    16       0.000000000000D+00
    24    17       0.000000000000D+00
    24    18       0.000000000000D+00
    24    19       0.000000000000D+00
    24    20       0.000000000000D+00
    24    21       0.000000000000D+00
    24    22       0.000000000000D+00
    24    23       0.873967049330D+00
    24    24      -0.240620781865D+01
     0     0       0.000000000000D+00
