! n:
8
j    i        D1_ij
     1     1       0.198884740154D+01
     2     1      -0.271050543121D-18
     2     2       0.197665072881D+01
     3     1       0.262580213649D-19
     3     2       0.271050543121D-19
     3     3       0.237944182050D-01
     4     1      -0.426904605416D-18
     4     2       0.779270311474D-19
     4     3      -0.867361737988D-18
     4     4       0.116343495340D-01
     5     1       0.000000000000D+00
     5     2       0.000000000000D+00
     5     3       0.000000000000D+00
     5     4       0.000000000000D+00
     5     5       0.198119340386D+01
     6     1       0.000000000000D+00
     6     2       0.000000000000D+00
     6     3       0.000000000000D+00
     6     4       0.000000000000D+00
     6     5      -0.368459332056D-18
     6     6       0.179882023544D-01
     7     1       0.000000000000D+00
     7     2       0.000000000000D+00
     7     3       0.000000000000D+00
     7     4       0.000000000000D+00
     7     5       0.000000000000D+00
     7     6       0.000000000000D+00
     7     7       0.197496139845D+01
     8     1       0.000000000000D+00
     8     2       0.000000000000D+00
     8     3       0.000000000000D+00
     8     4       0.000000000000D+00
     8     5       0.000000000000D+00
     8     6       0.000000000000D+00
     8     7       0.182959116607D-18
     8     8       0.249300972401D-01
     0     0       0.000000000000D+00
