! norbt, nisht, nasht, nvirt:
24 1 8 15
j    i        hij
     1     1      -0.330188023076D+02
     2     1       0.561557683404D+00
     2     2      -0.784779860179D+01
     3     1       0.108392929678D+00
     3     2      -0.180416161424D+00
     3     3      -0.685771128678D+01
     4     1      -0.205598564790D+00
     4     2       0.332937229758D+00
     4     3       0.204428138399D+01
     4     4      -0.606192292120D+01
     5     1      -0.491089902238D+00
     5     2       0.175061695594D+01
     5     3      -0.515741825981D+00
     5     4      -0.143632733917D+00
     5     5      -0.489192590078D+01
     6     1       0.747584444939D-01
     6     2      -0.124239768801D-01
     6     3       0.568610560631D-01
     6     4       0.526771569377D+00
     6     5       0.105913453102D-01
     6     6      -0.256061097873D+01
     7     1       0.134011409917D+00
     7     2      -0.298654868318D+00
     7     3      -0.249233571008D+00
     7     4       0.293505214594D+00
     7     5       0.712381370117D-01
     7     6       0.238750143434D+00
     7     7      -0.386143054522D+01
     8     1      -0.197630648542D-01
     8     2      -0.245965068450D-01
     8     3       0.262361683661D+00
     8     4      -0.101822497247D+00
     8     5      -0.809039383061D-01
     8     6      -0.282543606402D-01
     8     7      -0.155004228228D+00
     8     8      -0.398179242188D+01
     9     1       0.814015254850D-01
     9     2      -0.442656061248D-01
     9     3      -0.542219678223D-01
     9     4       0.412889504527D+00
     9     5       0.115664223127D+00
     9     6      -0.322693076876D+00
     9     7       0.549818876125D+00
     9     8      -0.226273817180D+00
     9     9      -0.334950851934D+01
    10     1       0.203815293250D-01
    10     2      -0.486025539064D-01
    10     3       0.174532665660D-01
    10     4       0.101881615892D-01
    10     5       0.731877139340D-02
    10     6       0.422717629546D-01
    10     7      -0.281857813206D+00
    10     8      -0.772115974805D+00
    10     9       0.157198173290D+00
    10    10      -0.202401413152D+01
    11     1       0.126905532528D+00
    11     2      -0.301371702041D-01
    11     3      -0.131499344184D+00
    11     4       0.659524591151D+00
    11     5      -0.152737047619D-01
    11     6      -0.587672407624D+00
    11     7      -0.250241887362D+00
    11     8       0.168362336000D+00
    11     9       0.316002129732D+00
    11    10      -0.771221094092D-01
    11    11      -0.182603289259D+01
    12     1       0.000000000000D+00
    12     2       0.000000000000D+00
    12     3       0.000000000000D+00
    12     4       0.000000000000D+00
    12     5       0.000000000000D+00
    12     6       0.000000000000D+00
    12     7       0.000000000000D+00
    12     8       0.000000000000D+00
    12     9       0.000000000000D+00
    12    10       0.000000000000D+00
    12    11       0.000000000000D+00
    12    12      -0.706703997715D+01
    13     1       0.000000000000D+00
    13     2       0.000000000000D+00
    13     3       0.000000000000D+00
    13     4       0.000000000000D+00
    13     5       0.000000000000D+00
    13     6       0.000000000000D+00
    13     7       0.000000000000D+00
    13     8       0.000000000000D+00
    13     9       0.000000000000D+00
    13    10       0.000000000000D+00
    13    11       0.000000000000D+00
    13    12       0.212187068532D+01
    13    13      -0.533858987686D+01
    14     1       0.000000000000D+00
    14     2       0.000000000000D+00
    14     3       0.000000000000D+00
    14     4       0.000000000000D+00
    14     5       0.000000000000D+00
    14     6       0.000000000000D+00
    14     7       0.000000000000D+00
    14     8       0.000000000000D+00
    14     9       0.000000000000D+00
    14    10       0.000000000000D+00
    14    11       0.000000000000D+00
    14    12      -0.229115259862D+00
    14    13      -0.301043649180D-01
    14    14      -0.400555562082D+01
    15     1       0.000000000000D+00
    15     2       0.000000000000D+00
    15     3       0.000000000000D+00
    15     4       0.000000000000D+00
    15     5       0.000000000000D+00
    15     6       0.000000000000D+00
    15     7       0.000000000000D+00
    15     8       0.000000000000D+00
    15     9       0.000000000000D+00
    15    10       0.000000000000D+00
    15    11       0.000000000000D+00
    15    12      -0.255299585903D-01
    15    13       0.171619040759D-01
    15    14      -0.712365375012D+00
    15    15      -0.226068303510D+01
    16     1       0.000000000000D+00
    16     2       0.000000000000D+00
    16     3       0.000000000000D+00
    16     4       0.000000000000D+00
    16     5       0.000000000000D+00
    16     6       0.000000000000D+00
    16     7       0.000000000000D+00
    16     8       0.000000000000D+00
    16     9       0.000000000000D+00
    16    10       0.000000000000D+00
    16    11       0.000000000000D+00
    16    12       0.000000000000D+00
    16    13       0.000000000000D+00
    16    14       0.000000000000D+00
    16    15       0.000000000000D+00
    16    16      -0.668259988616D+01
    17     1       0.000000000000D+00
    17     2       0.000000000000D+00
    17     3       0.000000000000D+00
    17     4       0.000000000000D+00
    17     5       0.000000000000D+00
    17     6       0.000000000000D+00
    17     7       0.000000000000D+00
    17     8       0.000000000000D+00
    17     9       0.000000000000D+00
    17    10       0.000000000000D+00
    17    11       0.000000000000D+00
    17    12       0.000000000000D+00
    17    13       0.000000000000D+00
    17    14       0.000000000000D+00
    17    15       0.000000000000D+00
    17    16       0.204099942840D+01
    17    17      -0.621209722457D+01
    18     1       0.000000000000D+00
    18     2       0.000000000000D+00
    18     3       0.000000000000D+00
    18     4       0.000000000000D+00
    18     5       0.000000000000D+00
    18     6       0.000000000000D+00
    18     7       0.000000000000D+00
    18     8       0.000000000000D+00
    18     9       0.000000000000D+00
    18    10       0.000000000000D+00
    18    11       0.000000000000D+00
    18    12       0.000000000000D+00
    18    13       0.000000000000D+00
    18    14       0.000000000000D+00
    18    15       0.000000000000D+00
    18    16       0.119880591818D+00
    18    17       0.665468932329D+00
    18    18      -0.247563052104D+01
    19     1       0.000000000000D+00
    19     2       0.000000000000D+00
    19     3       0.000000000000D+00
    19     4       0.000000000000D+00
    19     5       0.000000000000D+00
    19     6       0.000000000000D+00
    19     7       0.000000000000D+00
    19     8       0.000000000000D+00
    19     9       0.000000000000D+00
    19    10       0.000000000000D+00
    19    11       0.000000000000D+00
    19    12       0.000000000000D+00
    19    13       0.000000000000D+00
    19    14       0.000000000000D+00
    19    15       0.000000000000D+00
    19    16      -0.566927417819D+00
    19    17       0.309990858816D+00
    19    18       0.138497321690D+00
    19    19      -0.383424889618D+01
    20     1       0.000000000000D+00
    20     2       0.000000000000D+00
    20     3       0.000000000000D+00
    20     4       0.000000000000D+00
    20     5       0.000000000000D+00
    20     6       0.000000000000D+00
    20     7       0.000000000000D+00
    20     8       0.000000000000D+00
    20     9       0.000000000000D+00
    20    10       0.000000000000D+00
    20    11       0.000000000000D+00
    20    12       0.000000000000D+00
    20    13       0.000000000000D+00
    20    14       0.000000000000D+00
    20    15       0.000000000000D+00
    20    16       0.287251047496D-01
    20    17      -0.261705406674D-01
    20    18      -0.137511253987D-01
    20    19      -0.627310116105D-01
    20    20      -0.232770081900D+01
    21     1       0.000000000000D+00
    21     2       0.000000000000D+00
    21     3       0.000000000000D+00
    21     4       0.000000000000D+00
    21     5       0.000000000000D+00
    21     6       0.000000000000D+00
    21     7       0.000000000000D+00
    21     8       0.000000000000D+00
    21     9       0.000000000000D+00
    21    10       0.000000000000D+00
    21    11       0.000000000000D+00
    21    12       0.000000000000D+00
    21    13       0.000000000000D+00
    21    14       0.000000000000D+00
    21    15       0.000000000000D+00
    21    16      -0.307204314871D-01
    21    17      -0.596546258125D+00
    21    18       0.567770540035D+00
    21    19      -0.506923681434D+00
    21    20       0.786884243530D-01
    21    21      -0.305068555578D+01
    22     1       0.000000000000D+00
    22     2       0.000000000000D+00
    22     3       0.000000000000D+00
    22     4       0.000000000000D+00
    22     5       0.000000000000D+00
    22     6       0.000000000000D+00
    22     7       0.000000000000D+00
    22     8       0.000000000000D+00
    22     9       0.000000000000D+00
    22    10       0.000000000000D+00
    22    11       0.000000000000D+00
    22    12       0.000000000000D+00
    22    13       0.000000000000D+00
    22    14       0.000000000000D+00
    22    15       0.000000000000D+00
    22    16       0.205454840952D+00
    22    17      -0.646764205066D+00
    22    18       0.516375196181D+00
    22    19       0.626697987934D+00
    22    20      -0.109774251986D+00
    22    21       0.479736788607D+00
    22    22      -0.188407611593D+01
    23     1       0.000000000000D+00
    23     2       0.000000000000D+00
    23     3       0.000000000000D+00
    23     4       0.000000000000D+00
    23     5       0.000000000000D+00
    23     6       0.000000000000D+00
    23     7       0.000000000000D+00
    23     8       0.000000000000D+00
    23     9       0.000000000000D+00
    23    10       0.000000000000D+00
    23    11       0.000000000000D+00
    23    12       0.000000000000D+00
    23    13       0.000000000000D+00
    23    14       0.000000000000D+00
    23    15       0.000000000000D+00
    23    16       0.000000000000D+00
    23    17       0.000000000000D+00
    23    18       0.000000000000D+00
    23    19       0.000000000000D+00
    23    20       0.000000000000D+00
    23    21       0.000000000000D+00
    23    22       0.000000000000D+00
    23    23      -0.401780909330D+01
    24     1       0.000000000000D+00
    24     2       0.000000000000D+00
    24     3       0.000000000000D+00
    24     4       0.000000000000D+00
    24     5       0.000000000000D+00
    24     6       0.000000000000D+00
    24     7       0.000000000000D+00
    24     8       0.000000000000D+00
    24     9       0.000000000000D+00
    24    10       0.000000000000D+00
    24    11       0.000000000000D+00
    24    12       0.000000000000D+00
    24    13       0.000000000000D+00
    24    14       0.000000000000D+00
    24    15       0.000000000000D+00
    24    16       0.000000000000D+00
    24    17       0.000000000000D+00
    24    18       0.000000000000D+00
    24    19       0.000000000000D+00
    24    20       0.000000000000D+00
    24    21       0.000000000000D+00
    24    22       0.000000000000D+00
    24    23       0.757578170957D+00
    24    24      -0.247221121564D+01
     0     0       0.000000000000D+00
