! norbt, nisht, nasht, nvirt:
24 1 8 15
j    i        hij
     1     1      -0.330188212484D+02
     2     1       0.561572365056D+00
     2     2      -0.784781092754D+01
     3     1       0.108394658775D+00
     3     2      -0.180418467728D+00
     3     3      -0.685775661187D+01
     4     1      -0.205602492586D+00
     4     2       0.332940977474D+00
     4     3       0.204428676647D+01
     4     4      -0.606189416558D+01
     5     1       0.491088711501D+00
     5     2      -0.175062020888D+01
     5     3       0.515750464144D+00
     5     4       0.143638777347D+00
     5     5      -0.489195878187D+01
     6     1      -0.747607351113D-01
     6     2       0.124247620424D-01
     6     3      -0.568616800740D-01
     6     4      -0.526755386638D+00
     6     5       0.106178592903D-01
     6     6      -0.256061559008D+01
     7     1       0.134014018033D+00
     7     2      -0.298671960716D+00
     7     3      -0.249219044587D+00
     7     4       0.293476919120D+00
     7     5      -0.712302008357D-01
     7     6      -0.238795167482D+00
     7     7      -0.386146154661D+01
     8     1       0.197638686073D-01
     8     2       0.245945303554D-01
     8     3      -0.262349090761D+00
     8     4       0.101814394371D+00
     8     5      -0.809086958834D-01
     8     6      -0.282463625944D-01
     8     7       0.155015331711D+00
     8     8      -0.398181252355D+01
     9     1       0.813974091227D-01
     9     2      -0.442561377594D-01
     9     3      -0.542209268345D-01
     9     4       0.412861408327D+00
     9     5      -0.115670760270D+00
     9     6       0.322686004087D+00
     9     7       0.549809329429D+00
     9     8       0.226332053049D+00
     9     9      -0.334949464963D+01
    10     1       0.203574286017D-01
    10     2      -0.486031824952D-01
    10     3       0.174760705617D-01
    10     4       0.100358764695D-01
    10     5      -0.732383863424D-02
    10     6      -0.424142538767D-01
    10     7      -0.281857603257D+00
    10     8       0.772100919131D+00
    10     9       0.157205586167D+00
    10    10      -0.202395093098D+01
    11     1       0.126921792363D+00
    11     2      -0.301596143650D-01
    11     3      -0.131500722225D+00
    11     4       0.659541461672D+00
    11     5       0.152579149389D-01
    11     6       0.587664610057D+00
    11     7      -0.250278925975D+00
    11     8      -0.168193724441D+00
    11     9       0.316011311981D+00
    11    10      -0.771332370802D-01
    11    11      -0.182606937952D+01
    12     1       0.000000000000D+00
    12     2       0.000000000000D+00
    12     3       0.000000000000D+00
    12     4       0.000000000000D+00
    12     5       0.000000000000D+00
    12     6       0.000000000000D+00
    12     7       0.000000000000D+00
    12     8       0.000000000000D+00
    12     9       0.000000000000D+00
    12    10       0.000000000000D+00
    12    11       0.000000000000D+00
    12    12      -0.706704540760D+01
    13     1       0.000000000000D+00
    13     2       0.000000000000D+00
    13     3       0.000000000000D+00
    13     4       0.000000000000D+00
    13     5       0.000000000000D+00
    13     6       0.000000000000D+00
    13     7       0.000000000000D+00
    13     8       0.000000000000D+00
    13     9       0.000000000000D+00
    13    10       0.000000000000D+00
    13    11       0.000000000000D+00
    13    12       0.212187989209D+01
    13    13      -0.533860775603D+01
    14     1       0.000000000000D+00
    14     2       0.000000000000D+00
    14     3       0.000000000000D+00
    14     4       0.000000000000D+00
    14     5       0.000000000000D+00
    14     6       0.000000000000D+00
    14     7       0.000000000000D+00
    14     8       0.000000000000D+00
    14     9       0.000000000000D+00
    14    10       0.000000000000D+00
    14    11       0.000000000000D+00
    14    12      -0.229104633235D+00
    14    13      -0.301084564778D-01
    14    14      -0.400557974272D+01
    15     1       0.000000000000D+00
    15     2       0.000000000000D+00
    15     3       0.000000000000D+00
    15     4       0.000000000000D+00
    15     5       0.000000000000D+00
    15     6       0.000000000000D+00
    15     7       0.000000000000D+00
    15     8       0.000000000000D+00
    15     9       0.000000000000D+00
    15    10       0.000000000000D+00
    15    11       0.000000000000D+00
    15    12       0.255262850746D-01
    15    13      -0.171740520866D-01
    15    14       0.712337629654D+00
    15    15      -0.226070565094D+01
    16     1       0.000000000000D+00
    16     2       0.000000000000D+00
    16     3       0.000000000000D+00
    16     4       0.000000000000D+00
    16     5       0.000000000000D+00
    16     6       0.000000000000D+00
    16     7       0.000000000000D+00
    16     8       0.000000000000D+00
    16     9       0.000000000000D+00
    16    10       0.000000000000D+00
    16    11       0.000000000000D+00
    16    12       0.000000000000D+00
    16    13       0.000000000000D+00
    16    14       0.000000000000D+00
    16    15       0.000000000000D+00
    16    16      -0.668266267736D+01
    17     1       0.000000000000D+00
    17     2       0.000000000000D+00
    17     3       0.000000000000D+00
    17     4       0.000000000000D+00
    17     5       0.000000000000D+00
    17     6       0.000000000000D+00
    17     7       0.000000000000D+00
    17     8       0.000000000000D+00
    17     9       0.000000000000D+00
    17    10       0.000000000000D+00
    17    11       0.000000000000D+00
    17    12       0.000000000000D+00
    17    13       0.000000000000D+00
    17    14       0.000000000000D+00
    17    15       0.000000000000D+00
    17    16       0.204100292958D+01
    17    17      -0.621211986133D+01
    18     1       0.000000000000D+00
    18     2       0.000000000000D+00
    18     3       0.000000000000D+00
    18     4       0.000000000000D+00
    18     5       0.000000000000D+00
    18     6       0.000000000000D+00
    18     7       0.000000000000D+00
    18     8       0.000000000000D+00
    18     9       0.000000000000D+00
    18    10       0.000000000000D+00
    18    11       0.000000000000D+00
    18    12       0.000000000000D+00
    18    13       0.000000000000D+00
    18    14       0.000000000000D+00
    18    15       0.000000000000D+00
    18    16       0.119859986909D+00
    18    17       0.665463118778D+00
    18    18      -0.247561647950D+01
    19     1       0.000000000000D+00
    19     2       0.000000000000D+00
    19     3       0.000000000000D+00
    19     4       0.000000000000D+00
    19     5       0.000000000000D+00
    19     6       0.000000000000D+00
    19     7       0.000000000000D+00
    19     8       0.000000000000D+00
    19     9       0.000000000000D+00
    19    10       0.000000000000D+00
    19    11       0.000000000000D+00
    19    12       0.000000000000D+00
    19    13       0.000000000000D+00
    19    14       0.000000000000D+00
    19    15       0.000000000000D+00
    19    16       0.566895946739D+00
    19    17      -0.309930523054D+00
    19    18      -0.138485197315D+00
    19    19      -0.383425219268D+01
    20     1       0.000000000000D+00
    20     2       0.000000000000D+00
    20     3       0.000000000000D+00
    20     4       0.000000000000D+00
    20     5       0.000000000000D+00
    20     6       0.000000000000D+00
    20     7       0.000000000000D+00
    20     8       0.000000000000D+00
    20     9       0.000000000000D+00
    20    10       0.000000000000D+00
    20    11       0.000000000000D+00
    20    12       0.000000000000D+00
    20    13       0.000000000000D+00
    20    14       0.000000000000D+00
    20    15       0.000000000000D+00
    20    16      -0.287170393919D-01
    20    17       0.262928058280D-01
    20    18       0.136454376233D-01
    20    19      -0.628559684714D-01
    20    20      -0.232771991708D+01
    21     1       0.000000000000D+00
    21     2       0.000000000000D+00
    21     3       0.000000000000D+00
    21     4       0.000000000000D+00
    21     5       0.000000000000D+00
    21     6       0.000000000000D+00
    21     7       0.000000000000D+00
    21     8       0.000000000000D+00
    21     9       0.000000000000D+00
    21    10       0.000000000000D+00
    21    11       0.000000000000D+00
    21    12       0.000000000000D+00
    21    13       0.000000000000D+00
    21    14       0.000000000000D+00
    21    15       0.000000000000D+00
    21    16      -0.307188931027D-01
    21    17      -0.596536403653D+00
    21    18       0.567743386035D+00
    21    19       0.506957147496D+00
    21    20      -0.784719628338D-01
    21    21      -0.305071765472D+01
    22     1       0.000000000000D+00
    22     2       0.000000000000D+00
    22     3       0.000000000000D+00
    22     4       0.000000000000D+00
    22     5       0.000000000000D+00
    22     6       0.000000000000D+00
    22     7       0.000000000000D+00
    22     8       0.000000000000D+00
    22     9       0.000000000000D+00
    22    10       0.000000000000D+00
    22    11       0.000000000000D+00
    22    12       0.000000000000D+00
    22    13       0.000000000000D+00
    22    14       0.000000000000D+00
    22    15       0.000000000000D+00
    22    16      -0.205467438035D+00
    22    17       0.646814807925D+00
    22    18      -0.516413347181D+00
    22    19       0.626697812739D+00
    22    20      -0.109629094921D+00
    22    21      -0.479707609903D+00
    22    22      -0.188413661635D+01
    23     1       0.000000000000D+00
    23     2       0.000000000000D+00
    23     3       0.000000000000D+00
    23     4       0.000000000000D+00
    23     5       0.000000000000D+00
    23     6       0.000000000000D+00
    23     7       0.000000000000D+00
    23     8       0.000000000000D+00
    23     9       0.000000000000D+00
    23    10       0.000000000000D+00
    23    11       0.000000000000D+00
    23    12       0.000000000000D+00
    23    13       0.000000000000D+00
    23    14       0.000000000000D+00
    23    15       0.000000000000D+00
    23    16       0.000000000000D+00
    23    17       0.000000000000D+00
    23    18       0.000000000000D+00
    23    19       0.000000000000D+00
    23    20       0.000000000000D+00
    23    21       0.000000000000D+00
    23    22       0.000000000000D+00
    23    23      -0.401784188696D+01
    24     1       0.000000000000D+00
    24     2       0.000000000000D+00
    24     3       0.000000000000D+00
    24     4       0.000000000000D+00
    24     5       0.000000000000D+00
    24     6       0.000000000000D+00
    24     7       0.000000000000D+00
    24     8       0.000000000000D+00
    24     9       0.000000000000D+00
    24    10       0.000000000000D+00
    24    11       0.000000000000D+00
    24    12       0.000000000000D+00
    24    13       0.000000000000D+00
    24    14       0.000000000000D+00
    24    15       0.000000000000D+00
    24    16       0.000000000000D+00
    24    17       0.000000000000D+00
    24    18       0.000000000000D+00
    24    19       0.000000000000D+00
    24    20       0.000000000000D+00
    24    21       0.000000000000D+00
    24    22       0.000000000000D+00
    24    23       0.757571404819D+00
    24    24      -0.247219360066D+01
     0     0       0.000000000000D+00
