! norbt, nisht, nasht, nvirt:
24 1 8 15
j    i        hij
     1     1      -0.330188229540D+02
     2     1       0.561553897198D+00
     2     2      -0.784782695613D+01
     3     1       0.108387728171D+00
     3     2      -0.180407885033D+00
     3     3      -0.685774194946D+01
     4     1      -0.205583830645D+00
     4     2       0.332949936837D+00
     4     3       0.204428093928D+01
     4     4      -0.606195881744D+01
     5     1       0.491099831783D+00
     5     2      -0.175061776820D+01
     5     3       0.515732739422D+00
     5     4       0.143667379541D+00
     5     5      -0.489193672269D+01
     6     1       0.747607609475D-01
     6     2      -0.124308929833D-01
     6     3       0.568592293864D-01
     6     4       0.526771793744D+00
     6     5      -0.106076143497D-01
     6     6      -0.256060985633D+01
     7     1       0.133998433477D+00
     7     2      -0.298634121065D+00
     7     3      -0.249206964008D+00
     7     4       0.293459773732D+00
     7     5      -0.712395013833D-01
     7     6       0.238738991403D+00
     7     7      -0.386143354998D+01
     8     1       0.197603947407D-01
     8     2       0.245932099779D-01
     8     3      -0.262385382342D+00
     8     4       0.101808688172D+00
     8     5      -0.809071368913D-01
     8     6       0.282737047397D-01
     8     7       0.155006562943D+00
     8     8      -0.398181788399D+01
     9     1       0.813992088234D-01
     9     2      -0.442680618409D-01
     9     3      -0.542153541016D-01
     9     4       0.412865641534D+00
     9     5      -0.115668975950D+00
     9     6      -0.322665656101D+00
     9     7       0.549861436252D+00
     9     8       0.226227121569D+00
     9     9      -0.334950599628D+01
    10     1      -0.203988910289D-01
    10     2       0.486053025769D-01
    10     3      -0.174540061783D-01
    10     4      -0.102730884361D-01
    10     5       0.733035906552D-02
    10     6      -0.421743139349D-01
    10     7       0.281828378663D+00
    10     8      -0.772114833344D+00
    10     9      -0.157188156251D+00
    10    10      -0.202405069886D+01
    11     1       0.126910029294D+00
    11     2      -0.301347190794D-01
    11     3      -0.131521231338D+00
    11     4       0.659577589833D+00
    11     5       0.152645022429D-01
    11     6      -0.587701320196D+00
    11     7      -0.250193691463D+00
    11     8      -0.168481775491D+00
    11     9       0.315940718156D+00
    11    10       0.770920968785D-01
    11    11      -0.182607437942D+01
    12     1       0.000000000000D+00
    12     2       0.000000000000D+00
    12     3       0.000000000000D+00
    12     4       0.000000000000D+00
    12     5       0.000000000000D+00
    12     6       0.000000000000D+00
    12     7       0.000000000000D+00
    12     8       0.000000000000D+00
    12     9       0.000000000000D+00
    12    10       0.000000000000D+00
    12    11       0.000000000000D+00
    12    12      -0.706705185446D+01
    13     1       0.000000000000D+00
    13     2       0.000000000000D+00
    13     3       0.000000000000D+00
    13     4       0.000000000000D+00
    13     5       0.000000000000D+00
    13     6       0.000000000000D+00
    13     7       0.000000000000D+00
    13     8       0.000000000000D+00
    13     9       0.000000000000D+00
    13    10       0.000000000000D+00
    13    11       0.000000000000D+00
    13    12       0.212187386105D+01
    13    13      -0.533860620692D+01
    14     1       0.000000000000D+00
    14     2       0.000000000000D+00
    14     3       0.000000000000D+00
    14     4       0.000000000000D+00
    14     5       0.000000000000D+00
    14     6       0.000000000000D+00
    14     7       0.000000000000D+00
    14     8       0.000000000000D+00
    14     9       0.000000000000D+00
    14    10       0.000000000000D+00
    14    11       0.000000000000D+00
    14    12      -0.229138642778D+00
    14    13      -0.301059942560D-01
    14    14      -0.400557938717D+01
    15     1       0.000000000000D+00
    15     2       0.000000000000D+00
    15     3       0.000000000000D+00
    15     4       0.000000000000D+00
    15     5       0.000000000000D+00
    15     6       0.000000000000D+00
    15     7       0.000000000000D+00
    15     8       0.000000000000D+00
    15     9       0.000000000000D+00
    15    10       0.000000000000D+00
    15    11       0.000000000000D+00
    15    12      -0.255447478124D-01
    15    13       0.171803703083D-01
    15    14      -0.712358619402D+00
    15    15      -0.226068544841D+01
    16     1       0.000000000000D+00
    16     2       0.000000000000D+00
    16     3       0.000000000000D+00
    16     4       0.000000000000D+00
    16     5       0.000000000000D+00
    16     6       0.000000000000D+00
    16     7       0.000000000000D+00
    16     8       0.000000000000D+00
    16     9       0.000000000000D+00
    16    10       0.000000000000D+00
    16    11       0.000000000000D+00
    16    12       0.000000000000D+00
    16    13       0.000000000000D+00
    16    14       0.000000000000D+00
    16    15       0.000000000000D+00
    16    16      -0.668265988878D+01
    17     1       0.000000000000D+00
    17     2       0.000000000000D+00
    17     3       0.000000000000D+00
    17     4       0.000000000000D+00
    17     5       0.000000000000D+00
    17     6       0.000000000000D+00
    17     7       0.000000000000D+00
    17     8       0.000000000000D+00
    17     9       0.000000000000D+00
    17    10       0.000000000000D+00
    17    11       0.000000000000D+00
    17    12       0.000000000000D+00
    17    13       0.000000000000D+00
    17    14       0.000000000000D+00
    17    15       0.000000000000D+00
    17    16       0.204099154805D+01
    17    17      -0.621209921128D+01
    18     1       0.000000000000D+00
    18     2       0.000000000000D+00
    18     3       0.000000000000D+00
    18     4       0.000000000000D+00
    18     5       0.000000000000D+00
    18     6       0.000000000000D+00
    18     7       0.000000000000D+00
    18     8       0.000000000000D+00
    18     9       0.000000000000D+00
    18    10       0.000000000000D+00
    18    11       0.000000000000D+00
    18    12       0.000000000000D+00
    18    13       0.000000000000D+00
    18    14       0.000000000000D+00
    18    15       0.000000000000D+00
    18    16       0.119887084534D+00
    18    17       0.665455741113D+00
    18    18      -0.247563474011D+01
    19     1       0.000000000000D+00
    19     2       0.000000000000D+00
    19     3       0.000000000000D+00
    19     4       0.000000000000D+00
    19     5       0.000000000000D+00
    19     6       0.000000000000D+00
    19     7       0.000000000000D+00
    19     8       0.000000000000D+00
    19     9       0.000000000000D+00
    19    10       0.000000000000D+00
    19    11       0.000000000000D+00
    19    12       0.000000000000D+00
    19    13       0.000000000000D+00
    19    14       0.000000000000D+00
    19    15       0.000000000000D+00
    19    16       0.566941996152D+00
    19    17      -0.309967037917D+00
    19    18      -0.138516026573D+00
    19    19      -0.383426461641D+01
    20     1       0.000000000000D+00
    20     2       0.000000000000D+00
    20     3       0.000000000000D+00
    20     4       0.000000000000D+00
    20     5       0.000000000000D+00
    20     6       0.000000000000D+00
    20     7       0.000000000000D+00
    20     8       0.000000000000D+00
    20     9       0.000000000000D+00
    20    10       0.000000000000D+00
    20    11       0.000000000000D+00
    20    12       0.000000000000D+00
    20    13       0.000000000000D+00
    20    14       0.000000000000D+00
    20    15       0.000000000000D+00
    20    16       0.287194606423D-01
    20    17      -0.260307253228D-01
    20    18      -0.138594518590D-01
    20    19       0.626440290292D-01
    20    20      -0.232774606609D+01
    21     1       0.000000000000D+00
    21     2       0.000000000000D+00
    21     3       0.000000000000D+00
    21     4       0.000000000000D+00
    21     5       0.000000000000D+00
    21     6       0.000000000000D+00
    21     7       0.000000000000D+00
    21     8       0.000000000000D+00
    21     9       0.000000000000D+00
    21    10       0.000000000000D+00
    21    11       0.000000000000D+00
    21    12       0.000000000000D+00
    21    13       0.000000000000D+00
    21    14       0.000000000000D+00
    21    15       0.000000000000D+00
    21    16       0.307351513339D-01
    21    17       0.596524141215D+00
    21    18      -0.567755910590D+00
    21    19      -0.506951260035D+00
    21    20      -0.788884370090D-01
    21    21      -0.305066162708D+01
    22     1       0.000000000000D+00
    22     2       0.000000000000D+00
    22     3       0.000000000000D+00
    22     4       0.000000000000D+00
    22     5       0.000000000000D+00
    22     6       0.000000000000D+00
    22     7       0.000000000000D+00
    22     8       0.000000000000D+00
    22     9       0.000000000000D+00
    22    10       0.000000000000D+00
    22    11       0.000000000000D+00
    22    12       0.000000000000D+00
    22    13       0.000000000000D+00
    22    14       0.000000000000D+00
    22    15       0.000000000000D+00
    22    16      -0.205471058809D+00
    22    17       0.646796065297D+00
    22    18      -0.516388493576D+00
    22    19       0.626683693326D+00
    22    20       0.109885984539D+00
    22    21       0.479680951421D+00
    22    22      -0.188409039663D+01
    23     1       0.000000000000D+00
    23     2       0.000000000000D+00
    23     3       0.000000000000D+00
    23     4       0.000000000000D+00
    23     5       0.000000000000D+00
    23     6       0.000000000000D+00
    23     7       0.000000000000D+00
    23     8       0.000000000000D+00
    23     9       0.000000000000D+00
    23    10       0.000000000000D+00
    23    11       0.000000000000D+00
    23    12       0.000000000000D+00
    23    13       0.000000000000D+00
    23    14       0.000000000000D+00
    23    15       0.000000000000D+00
    23    16       0.000000000000D+00
    23    17       0.000000000000D+00
    23    18       0.000000000000D+00
    23    19       0.000000000000D+00
    23    20       0.000000000000D+00
    23    21       0.000000000000D+00
    23    22       0.000000000000D+00
    23    23      -0.401784177288D+01
    24     1       0.000000000000D+00
    24     2       0.000000000000D+00
    24     3       0.000000000000D+00
    24     4       0.000000000000D+00
    24     5       0.000000000000D+00
    24     6       0.000000000000D+00
    24     7       0.000000000000D+00
    24     8       0.000000000000D+00
    24     9       0.000000000000D+00
    24    10       0.000000000000D+00
    24    11       0.000000000000D+00
    24    12       0.000000000000D+00
    24    13       0.000000000000D+00
    24    14       0.000000000000D+00
    24    15       0.000000000000D+00
    24    16       0.000000000000D+00
    24    17       0.000000000000D+00
    24    18       0.000000000000D+00
    24    19       0.000000000000D+00
    24    20       0.000000000000D+00
    24    21       0.000000000000D+00
    24    22       0.000000000000D+00
    24    23      -0.757545685577D+00
    24    24      -0.247223883867D+01
     0     0       0.000000000000D+00
