! norbt, nisht, nasht, nvirt:
24 1 8 15
j    i        hij
     1     1      -0.330188516783D+02
     2     1       0.561562989120D+00
     2     2      -0.784783788862D+01
     3     1       0.108393948728D+00
     3     2      -0.180417869091D+00
     3     3      -0.685782232212D+01
     4     1      -0.205595640000D+00
     4     2       0.332951105949D+00
     4     3       0.204428748089D+01
     4     4      -0.606190989269D+01
     5     1      -0.491097110768D+00
     5     2       0.175062431639D+01
     5     3      -0.515748997989D+00
     5     4      -0.143668366520D+00
     5     5      -0.489198802675D+01
     6     1       0.747621224378D-01
     6     2      -0.124229885326D-01
     6     3       0.568597967020D-01
     6     4       0.526737575680D+00
     6     5       0.106381658724D-01
     6     6      -0.256061505964D+01
     7     1      -0.134007587281D+00
     7     2       0.298671424387D+00
     7     3       0.249194600932D+00
     7     4      -0.293426604404D+00
     7     5      -0.712325721821D-01
     7     6      -0.238816055537D+00
     7     7      -0.386148688950D+01
     8     1       0.197615092661D-01
     8     2       0.245918348637D-01
     8     3      -0.262352103689D+00
     8     4       0.101790089242D+00
     8     5       0.809140606662D-01
     8     6       0.282577960550D-01
     8     7      -0.155023974039D+00
     8     8      -0.398184776199D+01
     9     1       0.813946775178D-01
     9     2      -0.442575961883D-01
     9     3      -0.542113440930D-01
     9     4       0.412822910849D+00
     9     5       0.115685968548D+00
     9     6      -0.322655047736D+00
     9     7      -0.549836961390D+00
     9     8       0.226329991082D+00
     9     9      -0.334948206121D+01
    10     1      -0.203564716339D-01
    10     2       0.486024982174D-01
    10     3      -0.174868583520D-01
    10     4      -0.100144264391D-01
    10     5      -0.733238013834D-02
    10     6      -0.424209755226D-01
    10     7      -0.281831577997D+00
    10     8      -0.772090354016D+00
    10     9      -0.157200630348D+00
    10    10      -0.202394220026D+01
    11     1       0.126934614946D+00
    11     2      -0.301664231911D-01
    11     3      -0.131514874508D+00
    11     4       0.659582455889D+00
    11     5      -0.152432893186D-01
    11     6      -0.587678652296D+00
    11     7       0.250265301879D+00
    11     8      -0.168183981673D+00
    11     9       0.315966238748D+00
    11    10       0.771163590141D-01
    11    11      -0.182612142239D+01
    12     1       0.000000000000D+00
    12     2       0.000000000000D+00
    12     3       0.000000000000D+00
    12     4       0.000000000000D+00
    12     5       0.000000000000D+00
    12     6       0.000000000000D+00
    12     7       0.000000000000D+00
    12     8       0.000000000000D+00
    12     9       0.000000000000D+00
    12    10       0.000000000000D+00
    12    11       0.000000000000D+00
    12    12      -0.706706811992D+01
    13     1       0.000000000000D+00
    13     2       0.000000000000D+00
    13     3       0.000000000000D+00
    13     4       0.000000000000D+00
    13     5       0.000000000000D+00
    13     6       0.000000000000D+00
    13     7       0.000000000000D+00
    13     8       0.000000000000D+00
    13     9       0.000000000000D+00
    13    10       0.000000000000D+00
    13    11       0.000000000000D+00
    13    12       0.212188563302D+01
    13    13      -0.533862385799D+01
    14     1       0.000000000000D+00
    14     2       0.000000000000D+00
    14     3       0.000000000000D+00
    14     4       0.000000000000D+00
    14     5       0.000000000000D+00
    14     6       0.000000000000D+00
    14     7       0.000000000000D+00
    14     8       0.000000000000D+00
    14     9       0.000000000000D+00
    14    10       0.000000000000D+00
    14    11       0.000000000000D+00
    14    12      -0.229110583180D+00
    14    13      -0.301172802151D-01
    14    14      -0.400561663432D+01
    15     1       0.000000000000D+00
    15     2       0.000000000000D+00
    15     3       0.000000000000D+00
    15     4       0.000000000000D+00
    15     5       0.000000000000D+00
    15     6       0.000000000000D+00
    15     7       0.000000000000D+00
    15     8       0.000000000000D+00
    15     9       0.000000000000D+00
    15    10       0.000000000000D+00
    15    11       0.000000000000D+00
    15    12      -0.255357564452D-01
    15    13       0.171990415058D-01
    15    14      -0.712313272983D+00
    15    15      -0.226072119543D+01
    16     1       0.000000000000D+00
    16     2       0.000000000000D+00
    16     3       0.000000000000D+00
    16     4       0.000000000000D+00
    16     5       0.000000000000D+00
    16     6       0.000000000000D+00
    16     7       0.000000000000D+00
    16     8       0.000000000000D+00
    16     9       0.000000000000D+00
    16    10       0.000000000000D+00
    16    11       0.000000000000D+00
    16    12       0.000000000000D+00
    16    13       0.000000000000D+00
    16    14       0.000000000000D+00
    16    15       0.000000000000D+00
    16    16      -0.668273575487D+01
    17     1       0.000000000000D+00
    17     2       0.000000000000D+00
    17     3       0.000000000000D+00
    17     4       0.000000000000D+00
    17     5       0.000000000000D+00
    17     6       0.000000000000D+00
    17     7       0.000000000000D+00
    17     8       0.000000000000D+00
    17     9       0.000000000000D+00
    17    10       0.000000000000D+00
    17    11       0.000000000000D+00
    17    12       0.000000000000D+00
    17    13       0.000000000000D+00
    17    14       0.000000000000D+00
    17    15       0.000000000000D+00
    17    16       0.204100292629D+01
    17    17      -0.621214597055D+01
    18     1       0.000000000000D+00
    18     2       0.000000000000D+00
    18     3       0.000000000000D+00
    18     4       0.000000000000D+00
    18     5       0.000000000000D+00
    18     6       0.000000000000D+00
    18     7       0.000000000000D+00
    18     8       0.000000000000D+00
    18     9       0.000000000000D+00
    18    10       0.000000000000D+00
    18    11       0.000000000000D+00
    18    12       0.000000000000D+00
    18    13       0.000000000000D+00
    18    14       0.000000000000D+00
    18    15       0.000000000000D+00
    18    16       0.119860242186D+00
    18    17       0.665455293869D+00
    18    18      -0.247561768029D+01
    19     1       0.000000000000D+00
    19     2       0.000000000000D+00
    19     3       0.000000000000D+00
    19     4       0.000000000000D+00
    19     5       0.000000000000D+00
    19     6       0.000000000000D+00
    19     7       0.000000000000D+00
    19     8       0.000000000000D+00
    19     9       0.000000000000D+00
    19    10       0.000000000000D+00
    19    11       0.000000000000D+00
    19    12       0.000000000000D+00
    19    13       0.000000000000D+00
    19    14       0.000000000000D+00
    19    15       0.000000000000D+00
    19    16       0.566887136310D+00
    19    17      -0.309880993877D+00
    19    18      -0.138499109379D+00
    19    19      -0.383426665612D+01
    20     1       0.000000000000D+00
    20     2       0.000000000000D+00
    20     3       0.000000000000D+00
    20     4       0.000000000000D+00
    20     5       0.000000000000D+00
    20     6       0.000000000000D+00
    20     7       0.000000000000D+00
    20     8       0.000000000000D+00
    20     9       0.000000000000D+00
    20    10       0.000000000000D+00
    20    11       0.000000000000D+00
    20    12       0.000000000000D+00
    20    13       0.000000000000D+00
    20    14       0.000000000000D+00
    20    15       0.000000000000D+00
    20    16      -0.287093287816D-01
    20    17       0.262530050970D-01
    20    18       0.136721107424D-01
    20    19      -0.628590489668D-01
    20    20      -0.232777110901D+01
    21     1       0.000000000000D+00
    21     2       0.000000000000D+00
    21     3       0.000000000000D+00
    21     4       0.000000000000D+00
    21     5       0.000000000000D+00
    21     6       0.000000000000D+00
    21     7       0.000000000000D+00
    21     8       0.000000000000D+00
    21     9       0.000000000000D+00
    21    10       0.000000000000D+00
    21    11       0.000000000000D+00
    21    12       0.000000000000D+00
    21    13       0.000000000000D+00
    21    14       0.000000000000D+00
    21    15       0.000000000000D+00
    21    16       0.307295161363D-01
    21    17       0.596515484435D+00
    21    18      -0.567719251984D+00
    21    19      -0.506998365152D+00
    21    20       0.785083124765D-01
    21    21      -0.305072126330D+01
    22     1       0.000000000000D+00
    22     2       0.000000000000D+00
    22     3       0.000000000000D+00
    22     4       0.000000000000D+00
    22     5       0.000000000000D+00
    22     6       0.000000000000D+00
    22     7       0.000000000000D+00
    22     8       0.000000000000D+00
    22     9       0.000000000000D+00
    22    10       0.000000000000D+00
    22    11       0.000000000000D+00
    22    12       0.000000000000D+00
    22    13       0.000000000000D+00
    22    14       0.000000000000D+00
    22    15       0.000000000000D+00
    22    16       0.205483883851D+00
    22    17      -0.646871649074D+00
    22    18       0.516449693925D+00
    22    19      -0.626687989137D+00
    22    20       0.109635337656D+00
    22    21      -0.479637149442D+00
    22    22      -0.188418625319D+01
    23     1       0.000000000000D+00
    23     2       0.000000000000D+00
    23     3       0.000000000000D+00
    23     4       0.000000000000D+00
    23     5       0.000000000000D+00
    23     6       0.000000000000D+00
    23     7       0.000000000000D+00
    23     8       0.000000000000D+00
    23     9       0.000000000000D+00
    23    10       0.000000000000D+00
    23    11       0.000000000000D+00
    23    12       0.000000000000D+00
    23    13       0.000000000000D+00
    23    14       0.000000000000D+00
    23    15       0.000000000000D+00
    23    16       0.000000000000D+00
    23    17       0.000000000000D+00
    23    18       0.000000000000D+00
    23    19       0.000000000000D+00
    23    20       0.000000000000D+00
    23    21       0.000000000000D+00
    23    22       0.000000000000D+00
    23    23      -0.401789149174D+01
    24     1       0.000000000000D+00
    24     2       0.000000000000D+00
    24     3       0.000000000000D+00
    24     4       0.000000000000D+00
    24     5       0.000000000000D+00
    24     6       0.000000000000D+00
    24     7       0.000000000000D+00
    24     8       0.000000000000D+00
    24     9       0.000000000000D+00
    24    10       0.000000000000D+00
    24    11       0.000000000000D+00
    24    12       0.000000000000D+00
    24    13       0.000000000000D+00
    24    14       0.000000000000D+00
    24    15       0.000000000000D+00
    24    16       0.000000000000D+00
    24    17       0.000000000000D+00
    24    18       0.000000000000D+00
    24    19       0.000000000000D+00
    24    20       0.000000000000D+00
    24    21       0.000000000000D+00
    24    22       0.000000000000D+00
    24    23      -0.757538370964D+00
    24    24      -0.247220576032D+01
     0     0       0.000000000000D+00
