! norbt, nisht, nasht, nvirt:
24 1 8 15
j    i        hij
     1     1      -0.330188413107D+02
     2     1       0.561542814797D+00
     2     2      -0.784783356685D+01
     3     1       0.108394061935D+00
     3     2      -0.180414388810D+00
     3     3      -0.685778826861D+01
     4     1      -0.205588904040D+00
     4     2       0.332946409925D+00
     4     3       0.204428656721D+01
     4     4      -0.606193061747D+01
     5     1       0.491100472096D+00
     5     2      -0.175062168514D+01
     5     3       0.515738714898D+00
     5     4       0.143669814096D+00
     5     5      -0.489196876023D+01
     6     1       0.747620617742D-01
     6     2      -0.124276395546D-01
     6     3       0.568622701290D-01
     6     4       0.526750499114D+00
     6     5      -0.106301211449D-01
     6     6      -0.256061402070D+01
     7     1      -0.134005245104D+00
     7     2       0.298660107629D+00
     7     3       0.249197106926D+00
     7     4      -0.293440106533D+00
     7     5       0.712363593508D-01
     7     6      -0.238787061753D+00
     7     7      -0.386146543066D+01
     8     1      -0.197615401920D-01
     8     2      -0.245913971814D-01
     8     3       0.262368032434D+00
     8     4      -0.101799921840D+00
     8     5       0.809115666181D-01
     8     6      -0.282643952169D-01
     8     7       0.155017207020D+00
     8     8      -0.398183573445D+01
     9     1       0.813951482384D-01
     9     2      -0.442570720432D-01
     9     3      -0.542147445720D-01
     9     4       0.412840004356D+00
     9     5      -0.115676642290D+00
     9     6      -0.322660515089D+00
     9     7      -0.549846132593D+00
     9     8      -0.226289766444D+00
     9     9      -0.334949124032D+01
    10     1      -0.203732807007D-01
    10     2       0.486038610965D-01
    10     3      -0.174751051261D-01
    10     4      -0.101152963257D-01
    10     5       0.733040775076D-02
    10     6      -0.423238282880D-01
    10     7      -0.281830829896D+00
    10     8       0.772100002792D+00
    10     9      -0.157196238156D+00
    10    10      -0.202398534719D+01
    11     1      -0.126925068218D+00
    11     2       0.301547894887D-01
    11     3       0.131516170134D+00
    11     4      -0.659580156338D+00
    11     5      -0.152517072774D-01
    11     6       0.587687394794D+00
    11     7      -0.250237386672D+00
    11     8      -0.168303308320D+00
    11     9      -0.315956440545D+00
    11    10      -0.771061994220D-01
    11    11      -0.182610363747D+01
    12     1       0.000000000000D+00
    12     2       0.000000000000D+00
    12     3       0.000000000000D+00
    12     4       0.000000000000D+00
    12     5       0.000000000000D+00
    12     6       0.000000000000D+00
    12     7       0.000000000000D+00
    12     8       0.000000000000D+00
    12     9       0.000000000000D+00
    12    10       0.000000000000D+00
    12    11       0.000000000000D+00
    12    12      -0.706706094980D+01
    13     1       0.000000000000D+00
    13     2       0.000000000000D+00
    13     3       0.000000000000D+00
    13     4       0.000000000000D+00
    13     5       0.000000000000D+00
    13     6       0.000000000000D+00
    13     7       0.000000000000D+00
    13     8       0.000000000000D+00
    13     9       0.000000000000D+00
    13    10       0.000000000000D+00
    13    11       0.000000000000D+00
    13    12       0.212188118641D+01
    13    13      -0.533861798845D+01
    14     1       0.000000000000D+00
    14     2       0.000000000000D+00
    14     3       0.000000000000D+00
    14     4       0.000000000000D+00
    14     5       0.000000000000D+00
    14     6       0.000000000000D+00
    14     7       0.000000000000D+00
    14     8       0.000000000000D+00
    14     9       0.000000000000D+00
    14    10       0.000000000000D+00
    14    11       0.000000000000D+00
    14    12      -0.229124029454D+00
    14    13      -0.301112621947D-01
    14    14      -0.400560185156D+01
    15     1       0.000000000000D+00
    15     2       0.000000000000D+00
    15     3       0.000000000000D+00
    15     4       0.000000000000D+00
    15     5       0.000000000000D+00
    15     6       0.000000000000D+00
    15     7       0.000000000000D+00
    15     8       0.000000000000D+00
    15     9       0.000000000000D+00
    15    10       0.000000000000D+00
    15    11       0.000000000000D+00
    15    12       0.255394900118D-01
    15    13      -0.171910118753D-01
    15    14       0.712331480688D+00
    15    15      -0.226070762140D+01
    16     1       0.000000000000D+00
    16     2       0.000000000000D+00
    16     3       0.000000000000D+00
    16     4       0.000000000000D+00
    16     5       0.000000000000D+00
    16     6       0.000000000000D+00
    16     7       0.000000000000D+00
    16     8       0.000000000000D+00
    16     9       0.000000000000D+00
    16    10       0.000000000000D+00
    16    11       0.000000000000D+00
    16    12       0.000000000000D+00
    16    13       0.000000000000D+00
    16    14       0.000000000000D+00
    16    15       0.000000000000D+00
    16    16      -0.668271206617D+01
    17     1       0.000000000000D+00
    17     2       0.000000000000D+00
    17     3       0.000000000000D+00
    17     4       0.000000000000D+00
    17     5       0.000000000000D+00
    17     6       0.000000000000D+00
    17     7       0.000000000000D+00
    17     8       0.000000000000D+00
    17     9       0.000000000000D+00
    17    10       0.000000000000D+00
    17    11       0.000000000000D+00
    17    12       0.000000000000D+00
    17    13       0.000000000000D+00
    17    14       0.000000000000D+00
    17    15       0.000000000000D+00
    17    16       0.204099880974D+01
    17    17      -0.621212600202D+01
    18     1       0.000000000000D+00
    18     2       0.000000000000D+00
    18     3       0.000000000000D+00
    18     4       0.000000000000D+00
    18     5       0.000000000000D+00
    18     6       0.000000000000D+00
    18     7       0.000000000000D+00
    18     8       0.000000000000D+00
    18     9       0.000000000000D+00
    18    10       0.000000000000D+00
    18    11       0.000000000000D+00
    18    12       0.000000000000D+00
    18    13       0.000000000000D+00
    18    14       0.000000000000D+00
    18    15       0.000000000000D+00
    18    16       0.119866340859D+00
    18    17       0.665454565572D+00
    18    18      -0.247562185638D+01
    19     1       0.000000000000D+00
    19     2       0.000000000000D+00
    19     3       0.000000000000D+00
    19     4       0.000000000000D+00
    19     5       0.000000000000D+00
    19     6       0.000000000000D+00
    19     7       0.000000000000D+00
    19     8       0.000000000000D+00
    19     9       0.000000000000D+00
    19    10       0.000000000000D+00
    19    11       0.000000000000D+00
    19    12       0.000000000000D+00
    19    13       0.000000000000D+00
    19    14       0.000000000000D+00
    19    15       0.000000000000D+00
    19    16       0.566904413027D+00
    19    17      -0.309904563926D+00
    19    18      -0.138501439926D+00
    19    19      -0.383426628501D+01
    20     1       0.000000000000D+00
    20     2       0.000000000000D+00
    20     3       0.000000000000D+00
    20     4       0.000000000000D+00
    20     5       0.000000000000D+00
    20     6       0.000000000000D+00
    20     7       0.000000000000D+00
    20     8       0.000000000000D+00
    20     9       0.000000000000D+00
    20    10       0.000000000000D+00
    20    11       0.000000000000D+00
    20    12       0.000000000000D+00
    20    13       0.000000000000D+00
    20    14       0.000000000000D+00
    20    15       0.000000000000D+00
    20    16       0.287163577474D-01
    20    17      -0.261705643567D-01
    20    18      -0.137459235382D-01
    20    19       0.627734889157D-01
    20    20      -0.232776156854D+01
    21     1       0.000000000000D+00
    21     2       0.000000000000D+00
    21     3       0.000000000000D+00
    21     4       0.000000000000D+00
    21     5       0.000000000000D+00
    21     6       0.000000000000D+00
    21     7       0.000000000000D+00
    21     8       0.000000000000D+00
    21     9       0.000000000000D+00
    21    10       0.000000000000D+00
    21    11       0.000000000000D+00
    21    12       0.000000000000D+00
    21    13       0.000000000000D+00
    21    14       0.000000000000D+00
    21    15       0.000000000000D+00
    21    16       0.307317977125D-01
    21    17       0.596516793074D+00
    21    18      -0.567730629335D+00
    21    19      -0.506985149615D+00
    21    20      -0.786574951858D-01
    21    21      -0.305069746767D+01
    22     1       0.000000000000D+00
    22     2       0.000000000000D+00
    22     3       0.000000000000D+00
    22     4       0.000000000000D+00
    22     5       0.000000000000D+00
    22     6       0.000000000000D+00
    22     7       0.000000000000D+00
    22     8       0.000000000000D+00
    22     9       0.000000000000D+00
    22    10       0.000000000000D+00
    22    11       0.000000000000D+00
    22    12       0.000000000000D+00
    22    13       0.000000000000D+00
    22    14       0.000000000000D+00
    22    15       0.000000000000D+00
    22    16      -0.205479081916D+00
    22    17       0.646841714023D+00
    22    18      -0.516427304971D+00
    22    19       0.626680677854D+00
    22    20       0.109736145085D+00
    22    21       0.479654874076D+00
    22    22      -0.188414765087D+01
    23     1       0.000000000000D+00
    23     2       0.000000000000D+00
    23     3       0.000000000000D+00
    23     4       0.000000000000D+00
    23     5       0.000000000000D+00
    23     6       0.000000000000D+00
    23     7       0.000000000000D+00
    23     8       0.000000000000D+00
    23     9       0.000000000000D+00
    23    10       0.000000000000D+00
    23    11       0.000000000000D+00
    23    12       0.000000000000D+00
    23    13       0.000000000000D+00
    23    14       0.000000000000D+00
    23    15       0.000000000000D+00
    23    16       0.000000000000D+00
    23    17       0.000000000000D+00
    23    18       0.000000000000D+00
    23    19       0.000000000000D+00
    23    20       0.000000000000D+00
    23    21       0.000000000000D+00
    23    22       0.000000000000D+00
    23    23      -0.401787190839D+01
    24     1       0.000000000000D+00
    24     2       0.000000000000D+00
    24     3       0.000000000000D+00
    24     4       0.000000000000D+00
    24     5       0.000000000000D+00
    24     6       0.000000000000D+00
    24     7       0.000000000000D+00
    24     8       0.000000000000D+00
    24     9       0.000000000000D+00
    24    10       0.000000000000D+00
    24    11       0.000000000000D+00
    24    12       0.000000000000D+00
    24    13       0.000000000000D+00
    24    14       0.000000000000D+00
    24    15       0.000000000000D+00
    24    16       0.000000000000D+00
    24    17       0.000000000000D+00
    24    18       0.000000000000D+00
    24    19       0.000000000000D+00
    24    20       0.000000000000D+00
    24    21       0.000000000000D+00
    24    22       0.000000000000D+00
    24    23       0.757541375600D+00
    24    24      -0.247221931030D+01
     0     0       0.000000000000D+00
