! norbt, nisht, nasht, nvirt:
24 1 8 15
j    i        hij
     1     1      -0.325937293745D+02
     2     1       0.488324785242D+00
     2     2      -0.759767584247D+01
     3     1      -0.224345726657D-01
     3     2       0.730489621411D-01
     3     3      -0.548674794281D+01
     4     1      -0.123629346753D+00
     4     2       0.353512037091D+00
     4     3       0.204747208227D+01
     4     4      -0.522856611903D+01
     5     1       0.473949173777D+00
     5     2      -0.158482096016D+01
     5     3       0.652036492306D+00
     5     4      -0.570043233051D-01
     5     5      -0.450407887502D+01
     6     1      -0.299700070520D-01
     6     2       0.142849712146D-01
     6     3      -0.218959511245D-01
     6     4      -0.539106241549D+00
     6     5      -0.203331599330D+00
     6     6      -0.217032142411D+01
     7     1      -0.166568861964D+00
     7     2       0.319289517548D+00
     7     3       0.797959691122D+00
     7     4      -0.137141042051D+01
     7     5      -0.364440042204D-01
     7     6      -0.440026155364D+00
     7     7      -0.400695706785D+01
     8     1      -0.130646657387D-01
     8     2       0.611751843205D-01
     8     3       0.398755122574D-01
     8     4       0.238262855072D+00
     8     5       0.433223059859D-01
     8     6       0.256312909045D+00
     8     7      -0.188468907061D+00
     8     8      -0.326638249927D+01
     9     1       0.180290184651D-01
     9     2      -0.634160281118D-01
     9     3       0.189843962544D+00
     9     4       0.115608104692D-01
     9     5      -0.868777522601D-02
     9     6       0.124167856712D+00
     9     7      -0.230776907126D+00
     9     8      -0.728426894551D-02
     9     9      -0.361759541161D+01
    10     1       0.227603994505D-01
    10     2      -0.545588869304D-01
    10     3      -0.814848247312D-01
    10     4       0.118747714837D+00
    10     5       0.289942642185D-01
    10     6       0.143138605316D-02
    10     7       0.340296300115D+00
    10     8       0.889278949913D+00
    10     9      -0.619750719026D+00
    10    10      -0.167573399187D+01
    11     1      -0.989106614015D-01
    11     2       0.156805486639D+00
    11     3       0.186654329850D+00
    11     4      -0.164115819187D+00
    11     5       0.111254393418D+00
    11     6       0.794873857806D-01
    11     7      -0.479384288212D+00
    11     8       0.800229450514D+00
    11     9       0.612730503393D+00
    11    10      -0.152916714506D+00
    11    11      -0.136523303417D+01
    12     1       0.000000000000D+00
    12     2       0.000000000000D+00
    12     3       0.000000000000D+00
    12     4       0.000000000000D+00
    12     5       0.000000000000D+00
    12     6       0.000000000000D+00
    12     7       0.000000000000D+00
    12     8       0.000000000000D+00
    12     9       0.000000000000D+00
    12    10       0.000000000000D+00
    12    11       0.000000000000D+00
    12    12      -0.684023367717D+01
    13     1       0.000000000000D+00
    13     2       0.000000000000D+00
    13     3       0.000000000000D+00
    13     4       0.000000000000D+00
    13     5       0.000000000000D+00
    13     6       0.000000000000D+00
    13     7       0.000000000000D+00
    13     8       0.000000000000D+00
    13     9       0.000000000000D+00
    13    10       0.000000000000D+00
    13    11       0.000000000000D+00
    13    12       0.200058284058D+01
    13    13      -0.494503276177D+01
    14     1       0.000000000000D+00
    14     2       0.000000000000D+00
    14     3       0.000000000000D+00
    14     4       0.000000000000D+00
    14     5       0.000000000000D+00
    14     6       0.000000000000D+00
    14     7       0.000000000000D+00
    14     8       0.000000000000D+00
    14     9       0.000000000000D+00
    14    10       0.000000000000D+00
    14    11       0.000000000000D+00
    14    12      -0.110004957228D+00
    14    13       0.352251364235D-01
    14    14      -0.354288890750D+01
    15     1       0.000000000000D+00
    15     2       0.000000000000D+00
    15     3       0.000000000000D+00
    15     4       0.000000000000D+00
    15     5       0.000000000000D+00
    15     6       0.000000000000D+00
    15     7       0.000000000000D+00
    15     8       0.000000000000D+00
    15     9       0.000000000000D+00
    15    10       0.000000000000D+00
    15    11       0.000000000000D+00
    15    12      -0.337797125638D-01
    15    13       0.126700709687D+00
    15    14       0.968865079859D+00
    15    15      -0.150639171832D+01
    16     1       0.000000000000D+00
    16     2       0.000000000000D+00
    16     3       0.000000000000D+00
    16     4       0.000000000000D+00
    16     5       0.000000000000D+00
    16     6       0.000000000000D+00
    16     7       0.000000000000D+00
    16     8       0.000000000000D+00
    16     9       0.000000000000D+00
    16    10       0.000000000000D+00
    16    11       0.000000000000D+00
    16    12       0.000000000000D+00
    16    13       0.000000000000D+00
    16    14       0.000000000000D+00
    16    15       0.000000000000D+00
    16    16      -0.539549611246D+01
    17     1       0.000000000000D+00
    17     2       0.000000000000D+00
    17     3       0.000000000000D+00
    17     4       0.000000000000D+00
    17     5       0.000000000000D+00
    17     6       0.000000000000D+00
    17     7       0.000000000000D+00
    17     8       0.000000000000D+00
    17     9       0.000000000000D+00
    17    10       0.000000000000D+00
    17    11       0.000000000000D+00
    17    12       0.000000000000D+00
    17    13       0.000000000000D+00
    17    14       0.000000000000D+00
    17    15       0.000000000000D+00
    17    16       0.208764713280D+01
    17    17      -0.535299556219D+01
    18     1       0.000000000000D+00
    18     2       0.000000000000D+00
    18     3       0.000000000000D+00
    18     4       0.000000000000D+00
    18     5       0.000000000000D+00
    18     6       0.000000000000D+00
    18     7       0.000000000000D+00
    18     8       0.000000000000D+00
    18     9       0.000000000000D+00
    18    10       0.000000000000D+00
    18    11       0.000000000000D+00
    18    12       0.000000000000D+00
    18    13       0.000000000000D+00
    18    14       0.000000000000D+00
    18    15       0.000000000000D+00
    18    16       0.152410307170D-01
    18    17       0.658228651575D+00
    18    18      -0.212805692301D+01
    19     1       0.000000000000D+00
    19     2       0.000000000000D+00
    19     3       0.000000000000D+00
    19     4       0.000000000000D+00
    19     5       0.000000000000D+00
    19     6       0.000000000000D+00
    19     7       0.000000000000D+00
    19     8       0.000000000000D+00
    19     9       0.000000000000D+00
    19    10       0.000000000000D+00
    19    11       0.000000000000D+00
    19    12       0.000000000000D+00
    19    13       0.000000000000D+00
    19    14       0.000000000000D+00
    19    15       0.000000000000D+00
    19    16       0.870390458548D+00
    19    17      -0.133022957003D+01
    19    18       0.563505228300D+00
    19    19      -0.395612403257D+01
    20     1       0.000000000000D+00
    20     2       0.000000000000D+00
    20     3       0.000000000000D+00
    20     4       0.000000000000D+00
    20     5       0.000000000000D+00
    20     6       0.000000000000D+00
    20     7       0.000000000000D+00
    20     8       0.000000000000D+00
    20     9       0.000000000000D+00
    20    10       0.000000000000D+00
    20    11       0.000000000000D+00
    20    12       0.000000000000D+00
    20    13       0.000000000000D+00
    20    14       0.000000000000D+00
    20    15       0.000000000000D+00
    20    16      -0.167554026350D+00
    20    17      -0.316179302784D+00
    20    18       0.360018798364D+00
    20    19       0.316814684930D+00
    20    20      -0.312999399071D+01
    21     1       0.000000000000D+00
    21     2       0.000000000000D+00
    21     3       0.000000000000D+00
    21     4       0.000000000000D+00
    21     5       0.000000000000D+00
    21     6       0.000000000000D+00
    21     7       0.000000000000D+00
    21     8       0.000000000000D+00
    21     9       0.000000000000D+00
    21    10       0.000000000000D+00
    21    11       0.000000000000D+00
    21    12       0.000000000000D+00
    21    13       0.000000000000D+00
    21    14       0.000000000000D+00
    21    15       0.000000000000D+00
    21    16       0.985479103154D-01
    21    17      -0.117563686490D+00
    21    18       0.741528984190D-02
    21    19      -0.289195360937D+00
    21    20       0.343143734596D+00
    21    21      -0.123154643734D+01
    22     1       0.000000000000D+00
    22     2       0.000000000000D+00
    22     3       0.000000000000D+00
    22     4       0.000000000000D+00
    22     5       0.000000000000D+00
    22     6       0.000000000000D+00
    22     7       0.000000000000D+00
    22     8       0.000000000000D+00
    22     9       0.000000000000D+00
    22    10       0.000000000000D+00
    22    11       0.000000000000D+00
    22    12       0.000000000000D+00
    22    13       0.000000000000D+00
    22    14       0.000000000000D+00
    22    15       0.000000000000D+00
    22    16       0.166063486883D+00
    22    17      -0.182275318948D+00
    22    18       0.278997700617D-01
    22    19      -0.283197737779D+00
    22    20      -0.119186548578D+01
    22    21       0.209965666143D+00
    22    22      -0.147685008207D+01
    23     1       0.000000000000D+00
    23     2       0.000000000000D+00
    23     3       0.000000000000D+00
    23     4       0.000000000000D+00
    23     5       0.000000000000D+00
    23     6       0.000000000000D+00
    23     7       0.000000000000D+00
    23     8       0.000000000000D+00
    23     9       0.000000000000D+00
    23    10       0.000000000000D+00
    23    11       0.000000000000D+00
    23    12       0.000000000000D+00
    23    13       0.000000000000D+00
    23    14       0.000000000000D+00
    23    15       0.000000000000D+00
    23    16       0.000000000000D+00
    23    17       0.000000000000D+00
    23    18       0.000000000000D+00
    23    19       0.000000000000D+00
    23    20       0.000000000000D+00
    23    21       0.000000000000D+00
    23    22       0.000000000000D+00
    23    23      -0.330529093019D+01
    24     1       0.000000000000D+00
    24     2       0.000000000000D+00
    24     3       0.000000000000D+00
    24     4       0.000000000000D+00
    24     5       0.000000000000D+00
    24     6       0.000000000000D+00
    24     7       0.000000000000D+00
    24     8       0.000000000000D+00
    24     9       0.000000000000D+00
    24    10       0.000000000000D+00
    24    11       0.000000000000D+00
    24    12       0.000000000000D+00
    24    13       0.000000000000D+00
    24    14       0.000000000000D+00
    24    15       0.000000000000D+00
    24    16       0.000000000000D+00
    24    17       0.000000000000D+00
    24    18       0.000000000000D+00
    24    19       0.000000000000D+00
    24    20       0.000000000000D+00
    24    21       0.000000000000D+00
    24    22       0.000000000000D+00
    24    23       0.118236117598D+01
    24    24      -0.179585466591D+01
     0     0       0.000000000000D+00
