! norbt, nisht, nasht, nvirt:
24 1 8 15
j    i        hij
     1     1      -0.324980232956D+02
     2     1       0.505927206128D+00
     2     2      -0.752676601638D+01
     3     1      -0.400172525702D-01
     3     2       0.124649491591D+00
     3     3      -0.510941156050D+01
     4     1      -0.765883875398D-01
     4     2       0.287171646763D+00
     4     3       0.209894224375D+01
     4     4      -0.496000601758D+01
     5     1       0.488747932732D+00
     5     2      -0.157784013056D+01
     5     3       0.543903931416D+00
     5     4      -0.167175335469D-01
     5     5      -0.444344163007D+01
     6     1      -0.205928535776D-01
     6     2       0.122800766450D-01
     6     3      -0.559168075647D-01
     6     4      -0.310364010410D+00
     6     5      -0.120392785121D+00
     6     6      -0.177432710792D+01
     7     1      -0.114937530383D+00
     7     2       0.255715162675D+00
     7     3       0.932162168868D+00
     7     4      -0.148523501361D+01
     7     5      -0.463204926517D-01
     7     6      -0.311769743538D+00
     7     7      -0.426556684084D+01
     8     1       0.188119532057D-01
     8     2      -0.532400308461D-01
     8     3       0.215639010025D+00
     8     4       0.846232934649D-01
     8     5       0.114256972462D-01
     8     6       0.418163811884D-01
     8     7      -0.245045470419D+00
     8     8      -0.340269958637D+01
     9     1       0.451064895590D-01
     9     2      -0.135272095233D+00
     9     3       0.129616040025D+00
     9     4      -0.400353242401D-01
     9     5      -0.408889862752D-01
     9     6      -0.134498356853D-01
     9     7      -0.670667821668D-01
     9     8      -0.270296217689D-01
     9     9      -0.370201247822D+01
    10     1      -0.655745728612D-02
    10     2       0.182888863813D-01
    10     3       0.634483961463D-01
    10     4      -0.814097512640D-01
    10     5      -0.159058934916D-01
    10     6      -0.186449708287D-01
    10     7      -0.212998437195D+00
    10     8      -0.520978369491D+00
    10     9       0.629740106962D+00
    10    10      -0.102625666305D+01
    11     1      -0.918061976742D-01
    11     2       0.172475635044D+00
    11     3       0.233338458150D+00
    11     4      -0.166095800372D+00
    11     5       0.133180382032D+00
    11     6       0.954000403909D-01
    11     7      -0.629555454651D+00
    11     8       0.947996460115D+00
    11     9       0.231706489949D+00
    11    10       0.121673904474D+00
    11    11      -0.120261823538D+01
    12     1       0.000000000000D+00
    12     2       0.000000000000D+00
    12     3       0.000000000000D+00
    12     4       0.000000000000D+00
    12     5       0.000000000000D+00
    12     6       0.000000000000D+00
    12     7       0.000000000000D+00
    12     8       0.000000000000D+00
    12     9       0.000000000000D+00
    12    10       0.000000000000D+00
    12    11       0.000000000000D+00
    12    12      -0.679071349102D+01
    13     1       0.000000000000D+00
    13     2       0.000000000000D+00
    13     3       0.000000000000D+00
    13     4       0.000000000000D+00
    13     5       0.000000000000D+00
    13     6       0.000000000000D+00
    13     7       0.000000000000D+00
    13     8       0.000000000000D+00
    13     9       0.000000000000D+00
    13    10       0.000000000000D+00
    13    11       0.000000000000D+00
    13    12       0.197423658985D+01
    13    13      -0.483812403490D+01
    14     1       0.000000000000D+00
    14     2       0.000000000000D+00
    14     3       0.000000000000D+00
    14     4       0.000000000000D+00
    14     5       0.000000000000D+00
    14     6       0.000000000000D+00
    14     7       0.000000000000D+00
    14     8       0.000000000000D+00
    14     9       0.000000000000D+00
    14    10       0.000000000000D+00
    14    11       0.000000000000D+00
    14    12      -0.732252451820D-01
    14    13       0.530445074312D-02
    14    14      -0.373222240325D+01
    15     1       0.000000000000D+00
    15     2       0.000000000000D+00
    15     3       0.000000000000D+00
    15     4       0.000000000000D+00
    15     5       0.000000000000D+00
    15     6       0.000000000000D+00
    15     7       0.000000000000D+00
    15     8       0.000000000000D+00
    15     9       0.000000000000D+00
    15    10       0.000000000000D+00
    15    11       0.000000000000D+00
    15    12      -0.278058663328D-01
    15    13       0.859222425032D-01
    15    14       0.578086651096D+00
    15    15      -0.884426986389D+00
    16     1       0.000000000000D+00
    16     2       0.000000000000D+00
    16     3       0.000000000000D+00
    16     4       0.000000000000D+00
    16     5       0.000000000000D+00
    16     6       0.000000000000D+00
    16     7       0.000000000000D+00
    16     8       0.000000000000D+00
    16     9       0.000000000000D+00
    16    10       0.000000000000D+00
    16    11       0.000000000000D+00
    16    12       0.000000000000D+00
    16    13       0.000000000000D+00
    16    14       0.000000000000D+00
    16    15       0.000000000000D+00
    16    16      -0.509791076906D+01
    17     1       0.000000000000D+00
    17     2       0.000000000000D+00
    17     3       0.000000000000D+00
    17     4       0.000000000000D+00
    17     5       0.000000000000D+00
    17     6       0.000000000000D+00
    17     7       0.000000000000D+00
    17     8       0.000000000000D+00
    17     9       0.000000000000D+00
    17    10       0.000000000000D+00
    17    11       0.000000000000D+00
    17    12       0.000000000000D+00
    17    13       0.000000000000D+00
    17    14       0.000000000000D+00
    17    15       0.000000000000D+00
    17    16       0.213257310951D+01
    17    17      -0.500288883963D+01
    18     1       0.000000000000D+00
    18     2       0.000000000000D+00
    18     3       0.000000000000D+00
    18     4       0.000000000000D+00
    18     5       0.000000000000D+00
    18     6       0.000000000000D+00
    18     7       0.000000000000D+00
    18     8       0.000000000000D+00
    18     9       0.000000000000D+00
    18    10       0.000000000000D+00
    18    11       0.000000000000D+00
    18    12       0.000000000000D+00
    18    13       0.000000000000D+00
    18    14       0.000000000000D+00
    18    15       0.000000000000D+00
    18    16      -0.390820324680D-01
    18    17       0.500139942329D+00
    18    18      -0.180189012030D+01
    19     1       0.000000000000D+00
    19     2       0.000000000000D+00
    19     3       0.000000000000D+00
    19     4       0.000000000000D+00
    19     5       0.000000000000D+00
    19     6       0.000000000000D+00
    19     7       0.000000000000D+00
    19     8       0.000000000000D+00
    19     9       0.000000000000D+00
    19    10       0.000000000000D+00
    19    11       0.000000000000D+00
    19    12       0.000000000000D+00
    19    13       0.000000000000D+00
    19    14       0.000000000000D+00
    19    15       0.000000000000D+00
    19    16       0.930330213067D+00
    19    17      -0.146268634575D+01
    19    18       0.609664940027D+00
    19    19      -0.407623297259D+01
    20     1       0.000000000000D+00
    20     2       0.000000000000D+00
    20     3       0.000000000000D+00
    20     4       0.000000000000D+00
    20     5       0.000000000000D+00
    20     6       0.000000000000D+00
    20     7       0.000000000000D+00
    20     8       0.000000000000D+00
    20     9       0.000000000000D+00
    20    10       0.000000000000D+00
    20    11       0.000000000000D+00
    20    12       0.000000000000D+00
    20    13       0.000000000000D+00
    20    14       0.000000000000D+00
    20    15       0.000000000000D+00
    20    16       0.285377887185D+00
    20    17       0.740103573928D-01
    20    18      -0.869664504613D-02
    20    19      -0.323753895683D+00
    20    20      -0.331252793670D+01
    21     1       0.000000000000D+00
    21     2       0.000000000000D+00
    21     3       0.000000000000D+00
    21     4       0.000000000000D+00
    21     5       0.000000000000D+00
    21     6       0.000000000000D+00
    21     7       0.000000000000D+00
    21     8       0.000000000000D+00
    21     9       0.000000000000D+00
    21    10       0.000000000000D+00
    21    11       0.000000000000D+00
    21    12       0.000000000000D+00
    21    13       0.000000000000D+00
    21    14       0.000000000000D+00
    21    15       0.000000000000D+00
    21    16       0.531193453377D-01
    21    17      -0.783009723239D-01
    21    18       0.350053843932D-01
    21    19      -0.155157101829D+00
    21    20      -0.322895551343D+00
    21    21      -0.827227672495D+00
    22     1       0.000000000000D+00
    22     2       0.000000000000D+00
    22     3       0.000000000000D+00
    22     4       0.000000000000D+00
    22     5       0.000000000000D+00
    22     6       0.000000000000D+00
    22     7       0.000000000000D+00
    22     8       0.000000000000D+00
    22     9       0.000000000000D+00
    22    10       0.000000000000D+00
    22    11       0.000000000000D+00
    22    12       0.000000000000D+00
    22    13       0.000000000000D+00
    22    14       0.000000000000D+00
    22    15       0.000000000000D+00
    22    16      -0.246177844057D+00
    22    17       0.212583817223D+00
    22    18      -0.530575277819D-03
    22    19       0.640373445009D+00
    22    20      -0.111029864335D+01
    22    21      -0.136064752388D+00
    22    22      -0.132917543247D+01
    23     1       0.000000000000D+00
    23     2       0.000000000000D+00
    23     3       0.000000000000D+00
    23     4       0.000000000000D+00
    23     5       0.000000000000D+00
    23     6       0.000000000000D+00
    23     7       0.000000000000D+00
    23     8       0.000000000000D+00
    23     9       0.000000000000D+00
    23    10       0.000000000000D+00
    23    11       0.000000000000D+00
    23    12       0.000000000000D+00
    23    13       0.000000000000D+00
    23    14       0.000000000000D+00
    23    15       0.000000000000D+00
    23    16       0.000000000000D+00
    23    17       0.000000000000D+00
    23    18       0.000000000000D+00
    23    19       0.000000000000D+00
    23    20       0.000000000000D+00
    23    21       0.000000000000D+00
    23    22       0.000000000000D+00
    23    23      -0.362451633423D+01
    24     1       0.000000000000D+00
    24     2       0.000000000000D+00
    24     3       0.000000000000D+00
    24     4       0.000000000000D+00
    24     5       0.000000000000D+00
    24     6       0.000000000000D+00
    24     7       0.000000000000D+00
    24     8       0.000000000000D+00
    24     9       0.000000000000D+00
    24    10       0.000000000000D+00
    24    11       0.000000000000D+00
    24    12       0.000000000000D+00
    24    13       0.000000000000D+00
    24    14       0.000000000000D+00
    24    15       0.000000000000D+00
    24    16       0.000000000000D+00
    24    17       0.000000000000D+00
    24    18       0.000000000000D+00
    24    19       0.000000000000D+00
    24    20       0.000000000000D+00
    24    21       0.000000000000D+00
    24    22       0.000000000000D+00
    24    23       0.816617452203D+00
    24    24      -0.101538085089D+01
     0     0       0.000000000000D+00
