! norbt, nisht, nasht, nvirt:
24 1 8 15
j    i        hij
     1     1      -0.338935960669D+02
     2     1       0.988337864508D+00
     2     2      -0.918377994797D+01
     3     1      -0.235305993294D+00
     3     2      -0.919553070462D-01
     3     3      -0.770605486675D+01
     4     1       0.302065085477D+00
     4     2      -0.548933934014D-02
     4     3       0.223651617188D+01
     4     4      -0.557251376422D+01
     5     1      -0.456512434749D+00
     5     2       0.185755197112D+01
     5     3       0.183029853200D+00
     5     4      -0.316154242412D+00
     5     5      -0.559505949758D+01
     6     1       0.124213654246D+00
     6     2      -0.501255212275D-01
     6     3       0.766773373015D-01
     6     4      -0.100244273434D+00
     6     5       0.136197506421D+00
     6     6      -0.256482701746D+01
     7     1      -0.111412858520D-02
     7     2       0.152026785902D+00
     7     3      -0.108522042450D+00
     7     4       0.132387615954D+00
     7     5       0.194744146328D+00
     7     6      -0.227289076460D+00
     7     7      -0.464661629540D+01
     8     1       0.114420622792D-01
     8     2      -0.162626872141D+00
     8     3      -0.261227725639D+00
     8     4      -0.128828143384D+00
     8     5       0.595056617920D-02
     8     6       0.106953663666D+00
     8     7      -0.203027511212D+00
     8     8      -0.458696470527D+01
     9     1      -0.807614058858D-01
     9     2       0.930939297398D-01
     9     3       0.996801215096D-01
     9     4      -0.268838749575D+00
     9     5      -0.998078698518D-01
     9     6       0.148861103049D+00
     9     7      -0.539897993282D+00
     9     8       0.261699913091D+00
     9     9      -0.292708767111D+01
    10     1      -0.959048931498D-01
    10     2      -0.328612243658D-01
    10     3      -0.271078390575D+00
    10     4       0.621524686290D+00
    10     5       0.150473649563D+00
    10     6       0.135979861579D-01
    10     7      -0.658511058015D-03
    10     8      -0.960934509640D-01
    10     9      -0.962109480746D-01
    10    10      -0.240019087293D+01
    11     1      -0.601971243483D-01
    11     2      -0.160937284787D+00
    11     3      -0.318218290108D+00
    11     4       0.630716719273D+00
    11     5       0.209390470600D+00
    11     6      -0.222818861485D+00
    11     7      -0.639763509507D+00
    11     8      -0.510995277001D-03
    11     9       0.433022156039D+00
    11    10      -0.510710052273D+00
    11    11       0.585447140457D+00
    12     1       0.000000000000D+00
    12     2       0.000000000000D+00
    12     3       0.000000000000D+00
    12     4       0.000000000000D+00
    12     5       0.000000000000D+00
    12     6       0.000000000000D+00
    12     7       0.000000000000D+00
    12     8       0.000000000000D+00
    12     9       0.000000000000D+00
    12    10       0.000000000000D+00
    12    11       0.000000000000D+00
    12    12      -0.768655434093D+01
    13     1       0.000000000000D+00
    13     2       0.000000000000D+00
    13     3       0.000000000000D+00
    13     4       0.000000000000D+00
    13     5       0.000000000000D+00
    13     6       0.000000000000D+00
    13     7       0.000000000000D+00
    13     8       0.000000000000D+00
    13     9       0.000000000000D+00
    13    10       0.000000000000D+00
    13    11       0.000000000000D+00
    13    12       0.232124845003D+01
    13    13      -0.571415957880D+01
    14     1       0.000000000000D+00
    14     2       0.000000000000D+00
    14     3       0.000000000000D+00
    14     4       0.000000000000D+00
    14     5       0.000000000000D+00
    14     6       0.000000000000D+00
    14     7       0.000000000000D+00
    14     8       0.000000000000D+00
    14     9       0.000000000000D+00
    14    10       0.000000000000D+00
    14    11       0.000000000000D+00
    14    12      -0.287418384599D+00
    14    13      -0.784771628787D-01
    14    14      -0.457992702098D+01
    15     1       0.000000000000D+00
    15     2       0.000000000000D+00
    15     3       0.000000000000D+00
    15     4       0.000000000000D+00
    15     5       0.000000000000D+00
    15     6       0.000000000000D+00
    15     7       0.000000000000D+00
    15     8       0.000000000000D+00
    15     9       0.000000000000D+00
    15    10       0.000000000000D+00
    15    11       0.000000000000D+00
    15    12      -0.215805774419D+00
    15    13       0.670579704087D+00
    15    14      -0.135297800378D+00
    15    15      -0.282796275126D+01
    16     1       0.000000000000D+00
    16     2       0.000000000000D+00
    16     3       0.000000000000D+00
    16     4       0.000000000000D+00
    16     5       0.000000000000D+00
    16     6       0.000000000000D+00
    16     7       0.000000000000D+00
    16     8       0.000000000000D+00
    16     9       0.000000000000D+00
    16    10       0.000000000000D+00
    16    11       0.000000000000D+00
    16    12       0.000000000000D+00
    16    13       0.000000000000D+00
    16    14       0.000000000000D+00
    16    15       0.000000000000D+00
    16    16      -0.847775999978D+01
    17     1       0.000000000000D+00
    17     2       0.000000000000D+00
    17     3       0.000000000000D+00
    17     4       0.000000000000D+00
    17     5       0.000000000000D+00
    17     6       0.000000000000D+00
    17     7       0.000000000000D+00
    17     8       0.000000000000D+00
    17     9       0.000000000000D+00
    17    10       0.000000000000D+00
    17    11       0.000000000000D+00
    17    12       0.000000000000D+00
    17    13       0.000000000000D+00
    17    14       0.000000000000D+00
    17    15       0.000000000000D+00
    17    16       0.204748326374D+01
    17    17      -0.604940832794D+01
    18     1       0.000000000000D+00
    18     2       0.000000000000D+00
    18     3       0.000000000000D+00
    18     4       0.000000000000D+00
    18     5       0.000000000000D+00
    18     6       0.000000000000D+00
    18     7       0.000000000000D+00
    18     8       0.000000000000D+00
    18     9       0.000000000000D+00
    18    10       0.000000000000D+00
    18    11       0.000000000000D+00
    18    12       0.000000000000D+00
    18    13       0.000000000000D+00
    18    14       0.000000000000D+00
    18    15       0.000000000000D+00
    18    16      -0.198213591764D-01
    18    17       0.389527013082D+00
    18    18      -0.243336798865D+01
    19     1       0.000000000000D+00
    19     2       0.000000000000D+00
    19     3       0.000000000000D+00
    19     4       0.000000000000D+00
    19     5       0.000000000000D+00
    19     6       0.000000000000D+00
    19     7       0.000000000000D+00
    19     8       0.000000000000D+00
    19     9       0.000000000000D+00
    19    10       0.000000000000D+00
    19    11       0.000000000000D+00
    19    12       0.000000000000D+00
    19    13       0.000000000000D+00
    19    14       0.000000000000D+00
    19    15       0.000000000000D+00
    19    16       0.353255651021D+00
    19    17       0.368034448126D+00
    19    18       0.293807975774D-01
    19    19      -0.439782697251D+01
    20     1       0.000000000000D+00
    20     2       0.000000000000D+00
    20     3       0.000000000000D+00
    20     4       0.000000000000D+00
    20     5       0.000000000000D+00
    20     6       0.000000000000D+00
    20     7       0.000000000000D+00
    20     8       0.000000000000D+00
    20     9       0.000000000000D+00
    20    10       0.000000000000D+00
    20    11       0.000000000000D+00
    20    12       0.000000000000D+00
    20    13       0.000000000000D+00
    20    14       0.000000000000D+00
    20    15       0.000000000000D+00
    20    16       0.226785366719D+00
    20    17      -0.994911670622D-01
    20    18       0.175880770553D+00
    20    19      -0.754415674846D+00
    20    20      -0.288130964421D+01
    21     1       0.000000000000D+00
    21     2       0.000000000000D+00
    21     3       0.000000000000D+00
    21     4       0.000000000000D+00
    21     5       0.000000000000D+00
    21     6       0.000000000000D+00
    21     7       0.000000000000D+00
    21     8       0.000000000000D+00
    21     9       0.000000000000D+00
    21    10       0.000000000000D+00
    21    11       0.000000000000D+00
    21    12       0.000000000000D+00
    21    13       0.000000000000D+00
    21    14       0.000000000000D+00
    21    15       0.000000000000D+00
    21    16       0.120111971937D+00
    21    17       0.134543305599D+00
    21    18       0.235668916499D-01
    21    19      -0.521728227144D+00
    21    20       0.690522058019D-01
    21    21      -0.273079129651D+01
    22     1       0.000000000000D+00
    22     2       0.000000000000D+00
    22     3       0.000000000000D+00
    22     4       0.000000000000D+00
    22     5       0.000000000000D+00
    22     6       0.000000000000D+00
    22     7       0.000000000000D+00
    22     8       0.000000000000D+00
    22     9       0.000000000000D+00
    22    10       0.000000000000D+00
    22    11       0.000000000000D+00
    22    12       0.000000000000D+00
    22    13       0.000000000000D+00
    22    14       0.000000000000D+00
    22    15       0.000000000000D+00
    22    16       0.415629082402D+00
    22    17      -0.101779820546D+01
    22    18       0.656827361389D+00
    22    19       0.324895252282D+00
    22    20      -0.115331056341D+00
    22    21       0.159067138324D+00
    22    22      -0.192836390089D+01
    23     1       0.000000000000D+00
    23     2       0.000000000000D+00
    23     3       0.000000000000D+00
    23     4       0.000000000000D+00
    23     5       0.000000000000D+00
    23     6       0.000000000000D+00
    23     7       0.000000000000D+00
    23     8       0.000000000000D+00
    23     9       0.000000000000D+00
    23    10       0.000000000000D+00
    23    11       0.000000000000D+00
    23    12       0.000000000000D+00
    23    13       0.000000000000D+00
    23    14       0.000000000000D+00
    23    15       0.000000000000D+00
    23    16       0.000000000000D+00
    23    17       0.000000000000D+00
    23    18       0.000000000000D+00
    23    19       0.000000000000D+00
    23    20       0.000000000000D+00
    23    21       0.000000000000D+00
    23    22       0.000000000000D+00
    23    23      -0.471581125554D+01
    24     1       0.000000000000D+00
    24     2       0.000000000000D+00
    24     3       0.000000000000D+00
    24     4       0.000000000000D+00
    24     5       0.000000000000D+00
    24     6       0.000000000000D+00
    24     7       0.000000000000D+00
    24     8       0.000000000000D+00
    24     9       0.000000000000D+00
    24    10       0.000000000000D+00
    24    11       0.000000000000D+00
    24    12       0.000000000000D+00
    24    13       0.000000000000D+00
    24    14       0.000000000000D+00
    24    15       0.000000000000D+00
    24    16       0.000000000000D+00
    24    17       0.000000000000D+00
    24    18       0.000000000000D+00
    24    19       0.000000000000D+00
    24    20       0.000000000000D+00
    24    21       0.000000000000D+00
    24    22       0.000000000000D+00
    24    23       0.399836700199D-01
    24    24      -0.260453560402D+01
     0     0       0.000000000000D+00
