! norbt, nisht, nasht, nvirt:
24 1 8 15
j    i        hij
     1     1      -0.330188790380D+02
     2     1       0.561575636585D+00
     2     2      -0.784786627297D+01
     3     1       0.108389900089D+00
     3     2      -0.180415544307D+00
     3     3      -0.685788094788D+01
     4     1      -0.205585211481D+00
     4     2       0.332953108618D+00
     4     3       0.204429006756D+01
     4     4      -0.606192212158D+01
     5     1       0.491104461427D+00
     5     2      -0.175062932581D+01
     5     3       0.515737337993D+00
     5     4       0.143703570172D+00
     5     5      -0.489201489326D+01
     6     1      -0.747637102470D-01
     6     2       0.124236108117D-01
     6     3      -0.568586870720D-01
     6     4      -0.526722183953D+00
     6     5       0.106624393038D-01
     6     6      -0.256061492438D+01
     7     1      -0.134000482841D+00
     7     2       0.298669340545D+00
     7     3       0.249171498328D+00
     7     4      -0.293380103316D+00
     7     5       0.712354114090D-01
     7     6       0.238832975406D+00
     7     7      -0.386150902764D+01
     8     1       0.197602575791D-01
     8     2       0.245856081079D-01
     8     3      -0.262357535921D+00
     8     4       0.101769065021D+00
     8     5      -0.809208245937D-01
     8     6      -0.282703695762D-01
     8     7      -0.155031786607D+00
     8     8      -0.398188026200D+01
     9     1       0.813915127113D-01
     9     2      -0.442572775683D-01
     9     3      -0.542061444955D-01
     9     4       0.412790657103D+00
     9     5      -0.115698929287D+00
     9     6       0.322626981964D+00
     9     7      -0.549864369094D+00
     9     8       0.226323693605D+00
     9     9      -0.334947218037D+01
    10     1      -0.203571757345D-01
    10     2       0.486021644123D-01
    10     3      -0.174968808736D-01
    10     4      -0.100033194369D-01
    10     5       0.734154347869D-02
    10     6       0.424169605506D-01
    10     7      -0.281807158251D+00
    10     8      -0.772080975625D+00
    10     9      -0.157196120247D+00
    10    10      -0.202393849823D+01
    11     1       0.126946259106D+00
    11     2      -0.301729858317D-01
    11     3      -0.131531867338D+00
    11     4       0.659629012166D+00
    11     5       0.152280026087D-01
    11     6       0.587694793190D+00
    11     7       0.250249212660D+00
    11     8      -0.168189210468D+00
    11     9       0.315919647071D+00
    11    10       0.770982945160D-01
    11    11      -0.182617250166D+01
    12     1       0.000000000000D+00
    12     2       0.000000000000D+00
    12     3       0.000000000000D+00
    12     4       0.000000000000D+00
    12     5       0.000000000000D+00
    12     6       0.000000000000D+00
    12     7       0.000000000000D+00
    12     8       0.000000000000D+00
    12     9       0.000000000000D+00
    12    10       0.000000000000D+00
    12    11       0.000000000000D+00
    12    12      -0.706708669301D+01
    13     1       0.000000000000D+00
    13     2       0.000000000000D+00
    13     3       0.000000000000D+00
    13     4       0.000000000000D+00
    13     5       0.000000000000D+00
    13     6       0.000000000000D+00
    13     7       0.000000000000D+00
    13     8       0.000000000000D+00
    13     9       0.000000000000D+00
    13    10       0.000000000000D+00
    13    11       0.000000000000D+00
    13    12       0.212189178358D+01
    13    13      -0.533864154494D+01
    14     1       0.000000000000D+00
    14     2       0.000000000000D+00
    14     3       0.000000000000D+00
    14     4       0.000000000000D+00
    14     5       0.000000000000D+00
    14     6       0.000000000000D+00
    14     7       0.000000000000D+00
    14     8       0.000000000000D+00
    14     9       0.000000000000D+00
    14    10       0.000000000000D+00
    14    11       0.000000000000D+00
    14    12      -0.229118132097D+00
    14    13      -0.301244148766D-01
    14    14      -0.400565035713D+01
    15     1       0.000000000000D+00
    15     2       0.000000000000D+00
    15     3       0.000000000000D+00
    15     4       0.000000000000D+00
    15     5       0.000000000000D+00
    15     6       0.000000000000D+00
    15     7       0.000000000000D+00
    15     8       0.000000000000D+00
    15     9       0.000000000000D+00
    15    10       0.000000000000D+00
    15    11       0.000000000000D+00
    15    12       0.255437295865D-01
    15    13      -0.172202023344D-01
    15    14       0.712292078302D+00
    15    15      -0.226073521471D+01
    16     1       0.000000000000D+00
    16     2       0.000000000000D+00
    16     3       0.000000000000D+00
    16     4       0.000000000000D+00
    16     5       0.000000000000D+00
    16     6       0.000000000000D+00
    16     7       0.000000000000D+00
    16     8       0.000000000000D+00
    16     9       0.000000000000D+00
    16    10       0.000000000000D+00
    16    11       0.000000000000D+00
    16    12       0.000000000000D+00
    16    13       0.000000000000D+00
    16    14       0.000000000000D+00
    16    15       0.000000000000D+00
    16    16      -0.668281060337D+01
    17     1       0.000000000000D+00
    17     2       0.000000000000D+00
    17     3       0.000000000000D+00
    17     4       0.000000000000D+00
    17     5       0.000000000000D+00
    17     6       0.000000000000D+00
    17     7       0.000000000000D+00
    17     8       0.000000000000D+00
    17     9       0.000000000000D+00
    17    10       0.000000000000D+00
    17    11       0.000000000000D+00
    17    12       0.000000000000D+00
    17    13       0.000000000000D+00
    17    14       0.000000000000D+00
    17    15       0.000000000000D+00
    17    16       0.204100109047D+01
    17    17      -0.621215935560D+01
    18     1       0.000000000000D+00
    18     2       0.000000000000D+00
    18     3       0.000000000000D+00
    18     4       0.000000000000D+00
    18     5       0.000000000000D+00
    18     6       0.000000000000D+00
    18     7       0.000000000000D+00
    18     8       0.000000000000D+00
    18     9       0.000000000000D+00
    18    10       0.000000000000D+00
    18    11       0.000000000000D+00
    18    12       0.000000000000D+00
    18    13       0.000000000000D+00
    18    14       0.000000000000D+00
    18    15       0.000000000000D+00
    18    16       0.119856140661D+00
    18    17       0.665451210832D+00
    18    18      -0.247561992306D+01
    19     1       0.000000000000D+00
    19     2       0.000000000000D+00
    19     3       0.000000000000D+00
    19     4       0.000000000000D+00
    19     5       0.000000000000D+00
    19     6       0.000000000000D+00
    19     7       0.000000000000D+00
    19     8       0.000000000000D+00
    19     9       0.000000000000D+00
    19    10       0.000000000000D+00
    19    11       0.000000000000D+00
    19    12       0.000000000000D+00
    19    13       0.000000000000D+00
    19    14       0.000000000000D+00
    19    15       0.000000000000D+00
    19    16       0.566881122523D+00
    19    17      -0.309834938672D+00
    19    18      -0.138512935649D+00
    19    19      -0.383428053808D+01
    20     1       0.000000000000D+00
    20     2       0.000000000000D+00
    20     3       0.000000000000D+00
    20     4       0.000000000000D+00
    20     5       0.000000000000D+00
    20     6       0.000000000000D+00
    20     7       0.000000000000D+00
    20     8       0.000000000000D+00
    20     9       0.000000000000D+00
    20    10       0.000000000000D+00
    20    11       0.000000000000D+00
    20    12       0.000000000000D+00
    20    13       0.000000000000D+00
    20    14       0.000000000000D+00
    20    15       0.000000000000D+00
    20    16       0.287027909892D-01
    20    17      -0.262065071669D-01
    20    18      -0.137052433123D-01
    20    19       0.628533218026D-01
    20    20      -0.232781959801D+01
    21     1       0.000000000000D+00
    21     2       0.000000000000D+00
    21     3       0.000000000000D+00
    21     4       0.000000000000D+00
    21     5       0.000000000000D+00
    21     6       0.000000000000D+00
    21     7       0.000000000000D+00
    21     8       0.000000000000D+00
    21     9       0.000000000000D+00
    21    10       0.000000000000D+00
    21    11       0.000000000000D+00
    21    12       0.000000000000D+00
    21    13       0.000000000000D+00
    21    14       0.000000000000D+00
    21    15       0.000000000000D+00
    21    16       0.307370760588D-01
    21    17       0.596498019573D+00
    21    18      -0.567698197140D+00
    21    19      -0.507036500745D+00
    21    20      -0.785585172506D-01
    21    21      -0.305072374070D+01
    22     1       0.000000000000D+00
    22     2       0.000000000000D+00
    22     3       0.000000000000D+00
    22     4       0.000000000000D+00
    22     5       0.000000000000D+00
    22     6       0.000000000000D+00
    22     7       0.000000000000D+00
    22     8       0.000000000000D+00
    22     9       0.000000000000D+00
    22    10       0.000000000000D+00
    22    11       0.000000000000D+00
    22    12       0.000000000000D+00
    22    13       0.000000000000D+00
    22    14       0.000000000000D+00
    22    15       0.000000000000D+00
    22    16       0.205502654755D+00
    22    17      -0.646927169307D+00
    22    18       0.516483844524D+00
    22    19      -0.626678271701D+00
    22    20      -0.109651713671D+00
    22    21      -0.479569412805D+00
    22    22      -0.188423153563D+01
    23     1       0.000000000000D+00
    23     2       0.000000000000D+00
    23     3       0.000000000000D+00
    23     4       0.000000000000D+00
    23     5       0.000000000000D+00
    23     6       0.000000000000D+00
    23     7       0.000000000000D+00
    23     8       0.000000000000D+00
    23     9       0.000000000000D+00
    23    10       0.000000000000D+00
    23    11       0.000000000000D+00
    23    12       0.000000000000D+00
    23    13       0.000000000000D+00
    23    14       0.000000000000D+00
    23    15       0.000000000000D+00
    23    16       0.000000000000D+00
    23    17       0.000000000000D+00
    23    18       0.000000000000D+00
    23    19       0.000000000000D+00
    23    20       0.000000000000D+00
    23    21       0.000000000000D+00
    23    22       0.000000000000D+00
    23    23      -0.401793710520D+01
    24     1       0.000000000000D+00
    24     2       0.000000000000D+00
    24     3       0.000000000000D+00
    24     4       0.000000000000D+00
    24     5       0.000000000000D+00
    24     6       0.000000000000D+00
    24     7       0.000000000000D+00
    24     8       0.000000000000D+00
    24     9       0.000000000000D+00
    24    10       0.000000000000D+00
    24    11       0.000000000000D+00
    24    12       0.000000000000D+00
    24    13       0.000000000000D+00
    24    14       0.000000000000D+00
    24    15       0.000000000000D+00
    24    16       0.000000000000D+00
    24    17       0.000000000000D+00
    24    18       0.000000000000D+00
    24    19       0.000000000000D+00
    24    20       0.000000000000D+00
    24    21       0.000000000000D+00
    24    22       0.000000000000D+00
    24    23       0.757507091040D+00
    24    24      -0.247221925292D+01
     0     0       0.000000000000D+00
