! norbt, nisht, nasht, nvirt:
24 1 8 15
j    i        hij
     1     1      -0.330188150461D+02
     2     1       0.561543578827D+00
     2     2      -0.784780991389D+01
     3     1       0.108393983594D+00
     3     2      -0.180414370863D+00
     3     3      -0.685773577668D+01
     4     1      -0.205594859879D+00
     4     2       0.332939099633D+00
     4     3       0.204428446692D+01
     4     4      -0.606192426268D+01
     5     1       0.491094461628D+00
     5     2      -0.175061869540D+01
     5     3       0.515737428426D+00
     5     4       0.143647818607D+00
     5     5      -0.489194040048D+01
     6     1      -0.747599376605D-01
     6     2       0.124256320411D-01
     6     3      -0.568600598314D-01
     6     4      -0.526766839775D+00
     6     5       0.106043436121D-01
     6     6      -0.256061154411D+01
     7     1      -0.134007721864D+00
     7     2       0.298651227631D+00
     7     3       0.249219224005D+00
     7     4      -0.293478626456D+00
     7     5       0.712350767619D-01
     7     6       0.238760521901D+00
     7     7      -0.386144090672D+01
     8     1       0.197618931919D-01
     8     2       0.245971279963D-01
     8     3      -0.262364763304D+00
     8     4       0.101814994086D+00
     8     5      -0.809057585354D-01
     8     6      -0.282567762657D-01
     8     7      -0.155008630060D+00
     8     8      -0.398180624826D+01
     9     1      -0.813997349704D-01
     9     2       0.442641276638D-01
     9     3       0.542169992450D-01
     9     4      -0.412869527761D+00
     9     5       0.115669191247D+00
     9     6      -0.322681872515D+00
     9     7       0.549829393665D+00
     9     8      -0.226279800280D+00
     9     9      -0.334950255798D+01
    10     1       0.203785608529D-01
    10     2      -0.486036939238D-01
    10     3       0.174616151791D-01
    10     4       0.101612008410D-01
    10     5      -0.732422739127D-02
    10     6      -0.422914925130D-01
    10     7       0.281848971069D+00
    10     8       0.772110950144D+00
    10     9      -0.157197786140D+00
    10    10      -0.202400343920D+01
    11     1       0.126911877013D+00
    11     2      -0.301430997147D-01
    11     3      -0.131505064586D+00
    11     4       0.659542361054D+00
    11     5       0.152640893017D-01
    11     6       0.587677817366D+00
    11     7       0.250238071456D+00
    11     8      -0.168339497079D+00
    11     9      -0.315989524235D+00
    11    10      -0.771173142432D-01
    11    11      -0.182605550995D+01
    12     1       0.000000000000D+00
    12     2       0.000000000000D+00
    12     3       0.000000000000D+00
    12     4       0.000000000000D+00
    12     5       0.000000000000D+00
    12     6       0.000000000000D+00
    12     7       0.000000000000D+00
    12     8       0.000000000000D+00
    12     9       0.000000000000D+00
    12    10       0.000000000000D+00
    12    11       0.000000000000D+00
    12    12      -0.706704688392D+01
    13     1       0.000000000000D+00
    13     2       0.000000000000D+00
    13     3       0.000000000000D+00
    13     4       0.000000000000D+00
    13     5       0.000000000000D+00
    13     6       0.000000000000D+00
    13     7       0.000000000000D+00
    13     8       0.000000000000D+00
    13     9       0.000000000000D+00
    13    10       0.000000000000D+00
    13    11       0.000000000000D+00
    13    12       0.212187366805D+01
    13    13      -0.533859847879D+01
    14     1       0.000000000000D+00
    14     2       0.000000000000D+00
    14     3       0.000000000000D+00
    14     4       0.000000000000D+00
    14     5       0.000000000000D+00
    14     6       0.000000000000D+00
    14     7       0.000000000000D+00
    14     8       0.000000000000D+00
    14     9       0.000000000000D+00
    14    10       0.000000000000D+00
    14    11       0.000000000000D+00
    14    12      -0.229119717470D+00
    14    13      -0.301058398169D-01
    14    14      -0.400557011569D+01
    15     1       0.000000000000D+00
    15     2       0.000000000000D+00
    15     3       0.000000000000D+00
    15     4       0.000000000000D+00
    15     5       0.000000000000D+00
    15     6       0.000000000000D+00
    15     7       0.000000000000D+00
    15     8       0.000000000000D+00
    15     9       0.000000000000D+00
    15    10       0.000000000000D+00
    15    11       0.000000000000D+00
    15    12       0.255346983270D-01
    15    13      -0.171729282325D-01
    15    14       0.712354358410D+00
    15    15      -0.226069117407D+01
    16     1       0.000000000000D+00
    16     2       0.000000000000D+00
    16     3       0.000000000000D+00
    16     4       0.000000000000D+00
    16     5       0.000000000000D+00
    16     6       0.000000000000D+00
    16     7       0.000000000000D+00
    16     8       0.000000000000D+00
    16     9       0.000000000000D+00
    16    10       0.000000000000D+00
    16    11       0.000000000000D+00
    16    12       0.000000000000D+00
    16    13       0.000000000000D+00
    16    14       0.000000000000D+00
    16    15       0.000000000000D+00
    16    16      -0.668263446284D+01
    17     1       0.000000000000D+00
    17     2       0.000000000000D+00
    17     3       0.000000000000D+00
    17     4       0.000000000000D+00
    17     5       0.000000000000D+00
    17     6       0.000000000000D+00
    17     7       0.000000000000D+00
    17     8       0.000000000000D+00
    17     9       0.000000000000D+00
    17    10       0.000000000000D+00
    17    11       0.000000000000D+00
    17    12       0.000000000000D+00
    17    13       0.000000000000D+00
    17    14       0.000000000000D+00
    17    15       0.000000000000D+00
    17    16       0.204099900192D+01
    17    17      -0.621211118586D+01
    18     1       0.000000000000D+00
    18     2       0.000000000000D+00
    18     3       0.000000000000D+00
    18     4       0.000000000000D+00
    18     5       0.000000000000D+00
    18     6       0.000000000000D+00
    18     7       0.000000000000D+00
    18     8       0.000000000000D+00
    18     9       0.000000000000D+00
    18    10       0.000000000000D+00
    18    11       0.000000000000D+00
    18    12       0.000000000000D+00
    18    13       0.000000000000D+00
    18    14       0.000000000000D+00
    18    15       0.000000000000D+00
    18    16       0.119878116678D+00
    18    17       0.665460300035D+00
    18    18      -0.247562592308D+01
    19     1       0.000000000000D+00
    19     2       0.000000000000D+00
    19     3       0.000000000000D+00
    19     4       0.000000000000D+00
    19     5       0.000000000000D+00
    19     6       0.000000000000D+00
    19     7       0.000000000000D+00
    19     8       0.000000000000D+00
    19     9       0.000000000000D+00
    19    10       0.000000000000D+00
    19    11       0.000000000000D+00
    19    12       0.000000000000D+00
    19    13       0.000000000000D+00
    19    14       0.000000000000D+00
    19    15       0.000000000000D+00
    19    16      -0.566920678610D+00
    19    17       0.309963593481D+00
    19    18       0.138497782414D+00
    19    19      -0.383425444975D+01
    20     1       0.000000000000D+00
    20     2       0.000000000000D+00
    20     3       0.000000000000D+00
    20     4       0.000000000000D+00
    20     5       0.000000000000D+00
    20     6       0.000000000000D+00
    20     7       0.000000000000D+00
    20     8       0.000000000000D+00
    20     9       0.000000000000D+00
    20    10       0.000000000000D+00
    20    11       0.000000000000D+00
    20    12       0.000000000000D+00
    20    13       0.000000000000D+00
    20    14       0.000000000000D+00
    20    15       0.000000000000D+00
    20    16       0.287196385751D-01
    20    17      -0.261698113486D-01
    20    18      -0.137465933815D-01
    20    19      -0.627483282318D-01
    20    20      -0.232771960641D+01
    21     1       0.000000000000D+00
    21     2       0.000000000000D+00
    21     3       0.000000000000D+00
    21     4       0.000000000000D+00
    21     5       0.000000000000D+00
    21     6       0.000000000000D+00
    21     7       0.000000000000D+00
    21     8       0.000000000000D+00
    21     9       0.000000000000D+00
    21    10       0.000000000000D+00
    21    11       0.000000000000D+00
    21    12       0.000000000000D+00
    21    13       0.000000000000D+00
    21    14       0.000000000000D+00
    21    15       0.000000000000D+00
    21    16       0.307262566820D-01
    21    17       0.596534394275D+00
    21    18      -0.567756176777D+00
    21    19       0.506943102248D+00
    21    20      -0.786728660320D-01
    21    21      -0.305068808966D+01
    22     1       0.000000000000D+00
    22     2       0.000000000000D+00
    22     3       0.000000000000D+00
    22     4       0.000000000000D+00
    22     5       0.000000000000D+00
    22     6       0.000000000000D+00
    22     7       0.000000000000D+00
    22     8       0.000000000000D+00
    22     9       0.000000000000D+00
    22    10       0.000000000000D+00
    22    11       0.000000000000D+00
    22    12       0.000000000000D+00
    22    13       0.000000000000D+00
    22    14       0.000000000000D+00
    22    15       0.000000000000D+00
    22    16      -0.205461417875D+00
    22    17       0.646787214238D+00
    22    18      -0.516390486984D+00
    22    19      -0.626693230146D+00
    22    20       0.109756706323D+00
    22    21       0.479713320580D+00
    22    22      -0.188409926275D+01
    23     1       0.000000000000D+00
    23     2       0.000000000000D+00
    23     3       0.000000000000D+00
    23     4       0.000000000000D+00
    23     5       0.000000000000D+00
    23     6       0.000000000000D+00
    23     7       0.000000000000D+00
    23     8       0.000000000000D+00
    23     9       0.000000000000D+00
    23    10       0.000000000000D+00
    23    11       0.000000000000D+00
    23    12       0.000000000000D+00
    23    13       0.000000000000D+00
    23    14       0.000000000000D+00
    23    15       0.000000000000D+00
    23    16       0.000000000000D+00
    23    17       0.000000000000D+00
    23    18       0.000000000000D+00
    23    19       0.000000000000D+00
    23    20       0.000000000000D+00
    23    21       0.000000000000D+00
    23    22       0.000000000000D+00
    23    23      -0.401782894047D+01
    24     1       0.000000000000D+00
    24     2       0.000000000000D+00
    24     3       0.000000000000D+00
    24     4       0.000000000000D+00
    24     5       0.000000000000D+00
    24     6       0.000000000000D+00
    24     7       0.000000000000D+00
    24     8       0.000000000000D+00
    24     9       0.000000000000D+00
    24    10       0.000000000000D+00
    24    11       0.000000000000D+00
    24    12       0.000000000000D+00
    24    13       0.000000000000D+00
    24    14       0.000000000000D+00
    24    15       0.000000000000D+00
    24    16       0.000000000000D+00
    24    17       0.000000000000D+00
    24    18       0.000000000000D+00
    24    19       0.000000000000D+00
    24    20       0.000000000000D+00
    24    21       0.000000000000D+00
    24    22       0.000000000000D+00
    24    23       0.757566950536D+00
    24    24      -0.247221308037D+01
     0     0       0.000000000000D+00
