! norbt, nisht, nasht, nvirt:
24 1 8 15
j    i        hij
     1     1      -0.330188560204D+02
     2     1       0.561563069357D+00
     2     2      -0.784784544275D+01
     3     1       0.108395594059D+00
     3     2      -0.180417083434D+00
     3     3      -0.685783229209D+01
     4     1      -0.491101605440D+00
     4     2       0.175062697326D+01
     4     3      -0.515734202971D+00
     4     4      -0.489198777576D+01
     5     1      -0.205588126810D+00
     5     2       0.332946738319D+00
     5     3       0.204428732175D+01
     5     4      -0.143682891933D+00
     5     5      -0.606192793848D+01
     6     1       0.747638318423D-01
     6     2      -0.124295672909D-01
     6     3       0.568613286230D-01
     6     4       0.106490201645D-01
     6     5       0.526734226377D+00
     6     6      -0.256061071613D+01
     7     1      -0.134000855890D+00
     7     2       0.298656497696D+00
     7     3       0.249186000297D+00
     7     4      -0.712344891134D-01
     7     5      -0.293409096285D+00
     7     6      -0.238803036126D+00
     7     7      -0.386148070464D+01
     8     1       0.197611525633D-01
     8     2       0.245887323008D-01
     8     3      -0.262361107742D+00
     8     4       0.809156006607D-01
     8     5       0.101783599803D+00
     8     6       0.282679815203D-01
     8     7      -0.155023268453D+00
     8     8      -0.398185354522D+01
     9     1       0.813939172132D-01
     9     2      -0.442583027484D-01
     9     3      -0.542092742651D-01
     9     4       0.115684824456D+00
     9     5       0.412816817037D+00
     9     6      -0.322644872592D+00
     9     7      -0.549857171953D+00
     9     8       0.226300700648D+00
     9     9      -0.334948361328D+01
    10     1       0.203679384316D-01
    10     2      -0.486035843067D-01
    10     3       0.174819403305D-01
    10     4       0.733736104017D-02
    10     5       0.100778939524D-01
    10     6       0.423543903316D-01
    10     7       0.281820310134D+00
    10     8       0.772093277219D+00
    10     9       0.157195248188D+00
    10    10      -0.202396937059D+01
    11     1      -0.126933407297D+00
    11     2       0.301621819770D-01
    11     3       0.131523646900D+00
    11     4       0.152417494994D-01
    11     5      -0.659601194116D+00
    11     6       0.587689747016D+00
    11     7      -0.250237036229D+00
    11     8       0.168263310673D+00
    11     9      -0.315941171054D+00
    11    10       0.771027327015D-01
    11    11      -0.182613074240D+01
    12     1       0.000000000000D+00
    12     2       0.000000000000D+00
    12     3       0.000000000000D+00
    12     4       0.000000000000D+00
    12     5       0.000000000000D+00
    12     6       0.000000000000D+00
    12     7       0.000000000000D+00
    12     8       0.000000000000D+00
    12     9       0.000000000000D+00
    12    10       0.000000000000D+00
    12    11       0.000000000000D+00
    12    12      -0.706707165672D+01
    13     1       0.000000000000D+00
    13     2       0.000000000000D+00
    13     3       0.000000000000D+00
    13     4       0.000000000000D+00
    13     5       0.000000000000D+00
    13     6       0.000000000000D+00
    13     7       0.000000000000D+00
    13     8       0.000000000000D+00
    13     9       0.000000000000D+00
    13    10       0.000000000000D+00
    13    11       0.000000000000D+00
    13    12       0.212188548983D+01
    13    13      -0.533862697291D+01
    14     1       0.000000000000D+00
    14     2       0.000000000000D+00
    14     3       0.000000000000D+00
    14     4       0.000000000000D+00
    14     5       0.000000000000D+00
    14     6       0.000000000000D+00
    14     7       0.000000000000D+00
    14     8       0.000000000000D+00
    14     9       0.000000000000D+00
    14    10       0.000000000000D+00
    14    11       0.000000000000D+00
    14    12      -0.229119516961D+00
    14    13      -0.301180583058D-01
    14    14      -0.400562103740D+01
    15     1       0.000000000000D+00
    15     2       0.000000000000D+00
    15     3       0.000000000000D+00
    15     4       0.000000000000D+00
    15     5       0.000000000000D+00
    15     6       0.000000000000D+00
    15     7       0.000000000000D+00
    15     8       0.000000000000D+00
    15     9       0.000000000000D+00
    15    10       0.000000000000D+00
    15    11       0.000000000000D+00
    15    12       0.255406845276D-01
    15    13      -0.172024877539D-01
    15    14       0.712316619505D+00
    15    15      -0.226071832512D+01
    16     1       0.000000000000D+00
    16     2       0.000000000000D+00
    16     3       0.000000000000D+00
    16     4       0.000000000000D+00
    16     5       0.000000000000D+00
    16     6       0.000000000000D+00
    16     7       0.000000000000D+00
    16     8       0.000000000000D+00
    16     9       0.000000000000D+00
    16    10       0.000000000000D+00
    16    11       0.000000000000D+00
    16    12       0.000000000000D+00
    16    13       0.000000000000D+00
    16    14       0.000000000000D+00
    16    15       0.000000000000D+00
    16    16      -0.668274975229D+01
    17     1       0.000000000000D+00
    17     2       0.000000000000D+00
    17     3       0.000000000000D+00
    17     4       0.000000000000D+00
    17     5       0.000000000000D+00
    17     6       0.000000000000D+00
    17     7       0.000000000000D+00
    17     8       0.000000000000D+00
    17     9       0.000000000000D+00
    17    10       0.000000000000D+00
    17    11       0.000000000000D+00
    17    12       0.000000000000D+00
    17    13       0.000000000000D+00
    17    14       0.000000000000D+00
    17    15       0.000000000000D+00
    17    16       0.204100009356D+01
    17    17      -0.621214249004D+01
    18     1       0.000000000000D+00
    18     2       0.000000000000D+00
    18     3       0.000000000000D+00
    18     4       0.000000000000D+00
    18     5       0.000000000000D+00
    18     6       0.000000000000D+00
    18     7       0.000000000000D+00
    18     8       0.000000000000D+00
    18     9       0.000000000000D+00
    18    10       0.000000000000D+00
    18    11       0.000000000000D+00
    18    12       0.000000000000D+00
    18    13       0.000000000000D+00
    18    14       0.000000000000D+00
    18    15       0.000000000000D+00
    18    16       0.119864421807D+00
    18    17       0.665451415910D+00
    18    18      -0.247562083217D+01
    19     1       0.000000000000D+00
    19     2       0.000000000000D+00
    19     3       0.000000000000D+00
    19     4       0.000000000000D+00
    19     5       0.000000000000D+00
    19     6       0.000000000000D+00
    19     7       0.000000000000D+00
    19     8       0.000000000000D+00
    19     9       0.000000000000D+00
    19    10       0.000000000000D+00
    19    11       0.000000000000D+00
    19    12       0.000000000000D+00
    19    13       0.000000000000D+00
    19    14       0.000000000000D+00
    19    15       0.000000000000D+00
    19    16       0.566895244529D+00
    19    17      -0.309876651258D+00
    19    18      -0.138506226073D+00
    19    19      -0.383427207770D+01
    20     1       0.000000000000D+00
    20     2       0.000000000000D+00
    20     3       0.000000000000D+00
    20     4       0.000000000000D+00
    20     5       0.000000000000D+00
    20     6       0.000000000000D+00
    20     7       0.000000000000D+00
    20     8       0.000000000000D+00
    20     9       0.000000000000D+00
    20    10       0.000000000000D+00
    20    11       0.000000000000D+00
    20    12       0.000000000000D+00
    20    13       0.000000000000D+00
    20    14       0.000000000000D+00
    20    15       0.000000000000D+00
    20    16       0.287085546806D-01
    20    17      -0.261737879998D-01
    20    18      -0.137356714020D-01
    20    19       0.628003021373D-01
    20    20      -0.232778533828D+01
    21     1       0.000000000000D+00
    21     2       0.000000000000D+00
    21     3       0.000000000000D+00
    21     4       0.000000000000D+00
    21     5       0.000000000000D+00
    21     6       0.000000000000D+00
    21     7       0.000000000000D+00
    21     8       0.000000000000D+00
    21     9       0.000000000000D+00
    21    10       0.000000000000D+00
    21    11       0.000000000000D+00
    21    12       0.000000000000D+00
    21    13       0.000000000000D+00
    21    14       0.000000000000D+00
    21    15       0.000000000000D+00
    21    16       0.307343866415D-01
    21    17       0.596508743436D+00
    21    18      -0.567717392250D+00
    21    19      -0.507005977396D+00
    21    20      -0.786295240518D-01
    21    21      -0.305070624924D+01
    22     1       0.000000000000D+00
    22     2       0.000000000000D+00
    22     3       0.000000000000D+00
    22     4       0.000000000000D+00
    22     5       0.000000000000D+00
    22     6       0.000000000000D+00
    22     7       0.000000000000D+00
    22     8       0.000000000000D+00
    22     9       0.000000000000D+00
    22    10       0.000000000000D+00
    22    11       0.000000000000D+00
    22    12       0.000000000000D+00
    22    13       0.000000000000D+00
    22    14       0.000000000000D+00
    22    15       0.000000000000D+00
    22    16       0.205486454700D+00
    22    17      -0.646872345824D+00
    22    18       0.516448564365D+00
    22    19      -0.626678416048D+00
    22    20      -0.109707842846D+00
    22    21      -0.479621098050D+00
    22    22      -0.188417888903D+01
    23     1       0.000000000000D+00
    23     2       0.000000000000D+00
    23     3       0.000000000000D+00
    23     4       0.000000000000D+00
    23     5       0.000000000000D+00
    23     6       0.000000000000D+00
    23     7       0.000000000000D+00
    23     8       0.000000000000D+00
    23     9       0.000000000000D+00
    23    10       0.000000000000D+00
    23    11       0.000000000000D+00
    23    12       0.000000000000D+00
    23    13       0.000000000000D+00
    23    14       0.000000000000D+00
    23    15       0.000000000000D+00
    23    16       0.000000000000D+00
    23    17       0.000000000000D+00
    23    18       0.000000000000D+00
    23    19       0.000000000000D+00
    23    20       0.000000000000D+00
    23    21       0.000000000000D+00
    23    22       0.000000000000D+00
    23    23      -0.401789753898D+01
    24     1       0.000000000000D+00
    24     2       0.000000000000D+00
    24     3       0.000000000000D+00
    24     4       0.000000000000D+00
    24     5       0.000000000000D+00
    24     6       0.000000000000D+00
    24     7       0.000000000000D+00
    24     8       0.000000000000D+00
    24     9       0.000000000000D+00
    24    10       0.000000000000D+00
    24    11       0.000000000000D+00
    24    12       0.000000000000D+00
    24    13       0.000000000000D+00
    24    14       0.000000000000D+00
    24    15       0.000000000000D+00
    24    16       0.000000000000D+00
    24    17       0.000000000000D+00
    24    18       0.000000000000D+00
    24    19       0.000000000000D+00
    24    20       0.000000000000D+00
    24    21       0.000000000000D+00
    24    22       0.000000000000D+00
    24    23       0.757527395557D+00
    24    24      -0.247222084014D+01
     0     0       0.000000000000D+00
